,consensus_strains,consensus_strains_normalized,consensus_AAseq,consensus_AAseq_details,index_dels_fixed,zscore,p_value,consensus_strains_codon,consensus_strains_normalized_codon,consensus_codon_seq,consensus_codon_seq_details
0,2602.0,1.0,M,{'M': 2602.0},,0.13663410712757165,0.4456600078647676,2602.0,1.0,AUG,{'AUG': 2602.0}
1,2602.0,1.0,N,{'N': 2602.0},,0.13663410712757165,0.4456600078647676,2602.0,1.0,AAU,{'AAU': 2602.0}
2,2602.0,1.0,L,{'L': 2602.0},,0.13663410712757165,0.4456600078647676,2602.0,1.0,UUA,{'UUA': 2602.0}
3,2602.0,1.0,T,{'T': 2602.0},,0.13663410712757165,0.4456600078647676,2602.0,1.0,ACC,{'ACC': 2602.0}
4,2602.0,1.0,L,{'L': 2602.0},,0.13663410712757165,0.4456600078647676,2602.0,1.0,CUC,{'CUC': 2602.0}
5,2602.0,1.0,K,{'K': 2602.0},,0.13663410712757165,0.4456600078647676,2602.0,1.0,AAA,{'AAA': 2602.0}
6,2598.0,0.9984627209838586,E,"{'E': 2598.0, 'D': 4.0}",,0.09062471369576296,0.4638953970212353,2598.0,0.9984627209838586,GAA,"{'GAC': 4.0, 'GAA': 2598.0}"
7,2602.0,1.0,S,{'S': 2602.0},,0.13663410712757165,0.4456600078647676,2601.0,0.9996156802459646,UCG,"{'UCG': 2601.0, 'UCA': 1.0}"
8,2602.0,1.0,L,{'L': 2602.0},,0.13663410712757165,0.4456600078647676,2602.0,1.0,CUU,{'CUU': 2602.0}
9,2602.0,1.0,V,{'V': 2602.0},,0.13663410712757165,0.4456600078647676,2602.0,1.0,GUU,{'GUU': 2602.0}
10,2601.0,0.9996156802459646,T,"{'P': 1.0, 'T': 2601.0}",,0.12513175876961782,0.45020962051292857,2601.0,0.9996156802459646,ACC,"{'ACC': 2601.0, 'CCC': 1.0}"
11,2602.0,1.0,R,{'R': 2602.0},,0.13663410712757165,0.4456600078647676,2602.0,1.0,CGU,{'CGU': 2602.0}
12,2602.0,1.0,S,{'S': 2602.0},,0.13663410712757165,0.4456600078647676,2602.0,1.0,AGC,{'AGC': 2602.0}
13,2602.0,1.0,R,{'R': 2602.0},,0.13663410712757165,0.4456600078647676,2599.0,0.9988470407378939,CGG,"{'AGG': 3.0, 'CGG': 2599.0}"
14,2601.0,0.9996156802459646,V,"{'G': 1.0, 'V': 2601.0}",,0.12513175876961782,0.45020962051292857,2601.0,0.9996156802459646,GUA,"{'GUA': 2601.0, 'GGA': 1.0}"
15,2602.0,1.0,F,{'F': 2602.0},,0.13663410712757165,0.4456600078647676,2602.0,1.0,UUU,{'UUU': 2602.0}
16,2602.0,1.0,S,{'S': 2602.0},,0.13663410712757165,0.4456600078647676,2600.0,0.9992313604919293,AGC,"{'AGU': 2.0, 'AGC': 2600.0}"
17,2601.0,0.9996156802459646,P,"{'P': 2601.0, 'L': 1.0}",,0.12513175876961782,0.45020962051292857,2601.0,0.9996156802459646,CCG,"{'CUG': 1.0, 'CCG': 2601.0}"
18,2602.0,1.0,W,{'W': 2602.0},,0.13663410712757165,0.4456600078647676,2602.0,1.0,UGG,{'UGG': 2602.0}
19,2602.0,1.0,T,{'T': 2602.0},,0.13663410712757165,0.4456600078647676,2602.0,1.0,ACU,{'ACU': 2602.0}
20,2586.0,0.9938508839354343,A,"{'A': 2586.0, 'E': 16.0}",,-0.047403466599663116,0.4810958330905965,2586.0,0.9938508839354343,GCG,"{'GAG': 16.0, 'GCG': 2586.0}"
21,2602.0,1.0,F,{'F': 2602.0},,0.13663410712757165,0.4456600078647676,2602.0,1.0,UUC,{'UUC': 2602.0}
22,2602.0,1.0,Y,{'Y': 2602.0},,0.13663410712757165,0.4456600078647676,2602.0,1.0,UAC,{'UAC': 2602.0}
23,2602.0,1.0,F,{'F': 2602.0},,0.13663410712757165,0.4456600078647676,2602.0,1.0,UUU,{'UUU': 2602.0}
24,2602.0,1.0,L,{'L': 2602.0},,0.13663410712757165,0.4456600078647676,2602.0,1.0,UUA,{'UUA': 2602.0}
25,2602.0,1.0,Q,{'Q': 2602.0},,0.13663410712757165,0.4456600078647676,2602.0,1.0,CAG,{'CAG': 2602.0}
26,2602.0,1.0,S,{'S': 2602.0},,0.13663410712757165,0.4456600078647676,2602.0,1.0,UCG,{'UCG': 2602.0}
27,2601.0,0.9996156802459646,L,"{'Q': 1.0, 'L': 2601.0}",,0.12513175876961782,0.45020962051292857,2596.0,0.9976940814757879,CUA,"{'CAA': 1.0, 'UUA': 5.0, 'CUA': 2596.0}"
28,2602.0,1.0,L,{'L': 2602.0},,0.13663410712757165,0.4456600078647676,2602.0,1.0,UUA,{'UUA': 2602.0}
29,2602.0,1.0,I,{'I': 2602.0},,0.13663410712757165,0.4456600078647676,2602.0,1.0,AUU,{'AUU': 2602.0}
30,2600.0,0.9992313604919293,N,"{'D': 2.0, 'N': 2600.0}",,0.1136294104116673,0.4547657861023571,2594.0,0.9969254419677172,AAC,"{'AAU': 6.0, 'GAC': 2.0, 'AAC': 2594.0}"
31,2602.0,1.0,L,{'L': 2602.0},,0.13663410712757165,0.4456600078647676,2602.0,1.0,CUC,{'CUC': 2602.0}
32,2602.0,1.0,G,{'G': 2602.0},,0.13663410712757165,0.4456600078647676,2602.0,1.0,GGC,{'GGC': 2602.0}
33,2602.0,1.0,L,{'L': 2602.0},,0.13663410712757165,0.4456600078647676,2602.0,1.0,UUA,{'UUA': 2602.0}
34,2601.0,0.9996156802459646,G,"{'RGU': 1.0, 'G': 2601.0}",,0.12513175876961782,0.45020962051292857,2596.0,0.9976940814757879,GGU,"{'GGU': 2596.0, 'RGU': 1.0, 'GGC': 5.0}"
35,2602.0,1.0,Y,{'Y': 2602.0},,0.13663410712757165,0.4456600078647676,2368.0,0.9100691775557264,UAC,"{'UAC': 2368.0, 'UAU': 234.0}"
36,2601.0,0.9996156802459646,P,"{'P': 2601.0, 'H': 1.0}",,0.12513175876961782,0.45020962051292857,2601.0,0.9996156802459646,CCC,"{'CAC': 1.0, 'CCC': 2601.0}"
37,2602.0,1.0,F,{'F': 2602.0},,0.13663410712757165,0.4456600078647676,2602.0,1.0,UUC,{'UUC': 2602.0}
38,2602.0,1.0,S,{'S': 2602.0},,0.13663410712757165,0.4456600078647676,2602.0,1.0,AGU,{'AGU': 2602.0}
39,2600.0,0.9992313604919293,L,"{'L': 2600.0, 'F': 2.0}",,0.1136294104116673,0.4547657861023571,2600.0,0.9992313604919293,UUG,"{'UUU': 2.0, 'UUG': 2600.0}"
40,2602.0,1.0,L,{'L': 2602.0},,0.13663410712757165,0.4456600078647676,2596.0,0.9976940814757879,CUC,"{'CUU': 2.0, 'CUC': 2596.0, 'CUA': 4.0}"
41,2602.0,1.0,Y,{'Y': 2602.0},,0.13663410712757165,0.4456600078647676,2602.0,1.0,UAC,{'UAC': 2602.0}
42,2601.0,0.9996156802459646,T,"{'P': 1.0, 'T': 2601.0}",,0.12513175876961782,0.45020962051292857,2601.0,0.9996156802459646,ACC,"{'ACC': 2601.0, 'CCC': 1.0}"
43,2602.0,1.0,A,{'A': 2602.0},,0.13663410712757165,0.4456600078647676,2446.0,0.9400461183704842,GCU,"{'GCC': 156.0, 'GCU': 2446.0}"
44,2601.0,0.9996156802459646,A,"{'A': 2601.0, 'V': 1.0}",,0.12513175876961782,0.45020962051292857,2450.0,0.9415833973866257,GCG,"{'GCA': 151.0, 'GUG': 1.0, 'GCG': 2450.0}"
45,2602.0,1.0,F,{'F': 2602.0},,0.13663410712757165,0.4456600078647676,2602.0,1.0,UUU,{'UUU': 2602.0}
46,2578.0,0.9907763259031515,T,"{'M': 24.0, 'T': 2578.0}",,-0.1394222534632805,0.44455824418726825,2578.0,0.9907763259031515,ACG,"{'ACG': 2578.0, 'AUG': 24.0}"
47,2601.0,0.9996156802459646,A,"{'A': 2601.0, 'T': 1.0}",,0.12513175876961782,0.45020962051292857,2601.0,0.9996156802459646,GCU,"{'GCU': 2601.0, 'ACU': 1.0}"
48,2530.0,0.9723289777094543,I,"{'I': 2530.0, 'M': 72.0}",,-0.6915349746449881,0.24461470474466201,2530.0,0.9723289777094543,AUU,"{'AUU': 2530.0, 'AUG': 72.0}"
49,2602.0,1.0,L,{'L': 2602.0},,0.13663410712757165,0.4456600078647676,2602.0,1.0,UUG,{'UUG': 2602.0}
50,2602.0,1.0,L,{'L': 2602.0},,0.13663410712757165,0.4456600078647676,2602.0,1.0,CUU,{'CUU': 2602.0}
51,2602.0,1.0,L,{'L': 2602.0},,0.13663410712757165,0.4456600078647676,2598.0,0.9984627209838586,UUG,"{'UUG': 2598.0, 'UUA': 4.0}"
52,2602.0,1.0,L,{'L': 2602.0},,0.13663410712757165,0.4456600078647676,2602.0,1.0,CUA,{'CUA': 2602.0}
53,2602.0,1.0,W,{'W': 2602.0},,0.13663410712757165,0.4456600078647676,2602.0,1.0,UGG,{'UGG': 2602.0}
54,2602.0,1.0,R,{'R': 2602.0},,0.13663410712757165,0.4456600078647676,2597.0,0.9980784012298232,CGA,"{'CGA': 2597.0, 'CGG': 5.0}"
55,2602.0,1.0,T,{'T': 2602.0},,0.13663410712757165,0.4456600078647676,2602.0,1.0,ACA,{'ACA': 2602.0}
56,2602.0,1.0,L,{'L': 2602.0},,0.13663410712757165,0.4456600078647676,2602.0,1.0,UUG,{'UUG': 2602.0}
57,2601.0,0.9996156802459646,P,"{'P': 2601.0, 'T': 1.0}",,0.12513175876961782,0.45020962051292857,2601.0,0.9996156802459646,CCU,"{'CCU': 2601.0, 'ACU': 1.0}"
58,2444.0,0.9392774788624135,R,"{'H': 15.0, 'R': 2444.0, 'G': 143.0}",,-1.6807369334288782,0.0464070116737676,2444.0,0.9392774788624135,CGC,"{'CAC': 15.0, 'CGC': 2444.0, 'GGC': 143.0}"
59,2602.0,1.0,V,{'V': 2602.0},,0.13663410712757165,0.4456600078647676,2596.0,0.9976940814757879,GUA,"{'GUA': 2596.0, 'GUG': 6.0}"
60,2602.0,1.0,Q,{'Q': 2602.0},,0.13663410712757165,0.4456600078647676,2602.0,1.0,CAA,{'CAA': 2602.0}
61,2602.0,1.0,K,{'K': 2602.0},,0.13663410712757165,0.4456600078647676,2602.0,1.0,AAA,{'AAA': 2602.0}
62,2602.0,1.0,V,{'V': 2602.0},,0.13663410712757165,0.4456600078647676,2596.0,0.9976940814757879,GUU,"{'GUC': 6.0, 'GUU': 2596.0}"
63,2602.0,1.0,L,{'L': 2602.0},,0.13663410712757165,0.4456600078647676,2597.0,0.9980784012298232,CUG,"{'CUG': 2597.0, 'UUG': 2.0, 'CUA': 3.0}"
64,2599.0,0.9988470407378939,V,"{'I': 3.0, 'V': 2599.0}",,0.10212706205371347,0.4593279104507949,2596.0,0.9976940814757879,GUC,"{'GUC': 2596.0, 'AUC': 3.0, 'GUU': 3.0}"
65,2602.0,1.0,G,{'G': 2602.0},,0.13663410712757165,0.4456600078647676,2596.0,0.9976940814757879,GGU,"{'GGU': 2596.0, 'GGC': 6.0}"
66,1423.0,0.5468870099923137,I,"{'I': 1423.0, 'V': 1179.0}",,-13.424634606898088,2.1685915207008588e-41,1423.0,0.5468870099923137,AUC,"{'GUC': 1179.0, 'AUC': 1423.0}"
67,2602.0,1.0,S,{'S': 2602.0},,0.13663410712757165,0.4456600078647676,2472.0,0.9500384319754035,AGU,"{'AGU': 2472.0, 'AGC': 130.0}"
68,2602.0,1.0,S,{'S': 2602.0},,0.13663410712757165,0.4456600078647676,2602.0,1.0,UCG,{'UCG': 2602.0}
69,2602.0,1.0,L,{'L': 2602.0},,0.13663410712757165,0.4456600078647676,2594.0,0.9969254419677172,CUG,"{'CUG': 2594.0, 'UUA': 6.0, 'CUA': 2.0}"
70,2597.0,0.9980784012298232,V,"{'M': 5.0, 'V': 2597.0}",,0.07912236533780913,0.4684676471559089,2597.0,0.9980784012298232,GUG,"{'GUG': 2597.0, 'AUG': 5.0}"
71,2601.0,0.9996156802459646,A,"{'A': 2601.0, 'T': 1.0}",,0.12513175876961782,0.45020962051292857,2594.0,0.9969254419677172,GCG,"{'GCA': 7.0, 'ACG': 1.0, 'GCG': 2594.0}"
72,2599.0,0.9988470407378939,A,"{'A': 2599.0, 'T': 1.0, 'V': 2.0}",,0.10212706205371347,0.4593279104507949,2596.0,0.9976940814757879,GCU,"{'GCC': 3.0, 'GCU': 2596.0, 'ACU': 1.0, 'GUU': 2.0}"
73,2602.0,1.0,C,{'C': 2602.0},,0.13663410712757165,0.4456600078647676,2595.0,0.9973097617217525,UGU,"{'UGC': 7.0, 'UGU': 2595.0}"
74,2602.0,1.0,Y,{'Y': 2602.0},,0.13663410712757165,0.4456600078647676,2602.0,1.0,UAU,{'UAU': 2602.0}
75,2602.0,1.0,F,{'F': 2602.0},,0.13663410712757165,0.4456600078647676,2602.0,1.0,UUC,{'UUC': 2602.0}
76,2602.0,1.0,P,{'P': 2602.0},,0.13663410712757165,0.4456600078647676,2599.0,0.9988470407378939,CCU,"{'CCU': 2599.0, 'CCC': 3.0}"
77,2602.0,1.0,F,{'F': 2602.0},,0.13663410712757165,0.4456600078647676,2602.0,1.0,UUU,{'UUU': 2602.0}
78,2599.0,0.9988470407378939,A,"{'A': 2599.0, 'S': 3.0}",,0.10212706205371347,0.4593279104507949,2599.0,0.9988470407378939,GCU,"{'UCU': 3.0, 'GCU': 2599.0}"
79,2602.0,1.0,Q,{'Q': 2602.0},,0.13663410712757165,0.4456600078647676,2602.0,1.0,CAG,{'CAG': 2602.0}
80,2602.0,1.0,A,{'A': 2602.0},,0.13663410712757165,0.4456600078647676,2602.0,1.0,GCC,{'GCC': 2602.0}
81,2602.0,1.0,Y,{'Y': 2602.0},,0.13663410712757165,0.4456600078647676,2600.0,0.9992313604919293,UAC,"{'UAC': 2600.0, 'UAU': 2.0}"
82,2602.0,1.0,G,{'G': 2602.0},,0.13663410712757165,0.4456600078647676,2602.0,1.0,GGC,{'GGC': 2602.0}
83,2601.0,0.9996156802459646,A,"{'A': 2601.0, 'S': 1.0}",,0.12513175876961782,0.45020962051292857,2578.0,0.9907763259031515,GCG,"{'GCA': 23.0, 'UCG': 1.0, 'GCG': 2578.0}"
84,2602.0,1.0,P,{'P': 2602.0},,0.13663410712757165,0.4456600078647676,2601.0,0.9996156802459646,CCU,"{'CCU': 2601.0, 'CCA': 1.0}"
85,2602.0,1.0,N,{'N': 2602.0},,0.13663410712757165,0.4456600078647676,1443.0,0.5545734050730208,AAC,"{'AAU': 1159.0, 'AAC': 1443.0}"
86,2602.0,1.0,F,{'F': 2602.0},,0.13663410712757165,0.4456600078647676,2602.0,1.0,UUC,{'UUC': 2602.0}
87,2602.0,1.0,N,{'N': 2602.0},,0.13663410712757165,0.4456600078647676,2602.0,1.0,AAU,{'AAU': 2602.0}
88,2602.0,1.0,T,{'T': 2602.0},,0.13663410712757165,0.4456600078647676,2595.0,0.9973097617217525,ACA,"{'ACC': 7.0, 'ACA': 2595.0}"
89,2602.0,1.0,L,{'L': 2602.0},,0.13663410712757165,0.4456600078647676,2602.0,1.0,UUG,{'UUG': 2602.0}
90,2602.0,1.0,L,{'L': 2602.0},,0.13663410712757165,0.4456600078647676,2602.0,1.0,CUG,{'CUG': 2602.0}
91,2602.0,1.0,A,{'A': 2602.0},,0.13663410712757165,0.4456600078647676,2599.0,0.9988470407378939,GCA,"{'GCA': 2599.0, 'GCC': 3.0}"
92,2602.0,1.0,L,{'L': 2602.0},,0.13663410712757165,0.4456600078647676,2598.0,0.9984627209838586,UUG,"{'CUG': 3.0, 'UUG': 2598.0, 'UUA': 1.0}"
93,2602.0,1.0,H,{'H': 2602.0},,0.13663410712757165,0.4456600078647676,2594.0,0.9969254419677172,CAC,"{'CAC': 2594.0, 'CAU': 8.0}"
94,2602.0,1.0,S,{'S': 2602.0},,0.13663410712757165,0.4456600078647676,2601.0,0.9996156802459646,UCC,"{'UCU': 1.0, 'UCC': 2601.0}"
95,2602.0,1.0,T,{'T': 2602.0},,0.13663410712757165,0.4456600078647676,2599.0,0.9988470407378939,ACC,"{'ACC': 2599.0, 'ACA': 3.0}"
96,2602.0,1.0,N,{'N': 2602.0},,0.13663410712757165,0.4456600078647676,2602.0,1.0,AAU,{'AAU': 2602.0}
97,2602.0,1.0,M,{'M': 2602.0},,0.13663410712757165,0.4456600078647676,2602.0,1.0,AUG,{'AUG': 2602.0}
98,2602.0,1.0,E,{'E': 2602.0},,0.13663410712757165,0.4456600078647676,2602.0,1.0,GAA,{'GAA': 2602.0}
99,2602.0,1.0,E,{'E': 2602.0},,0.13663410712757165,0.4456600078647676,2601.0,0.9996156802459646,GAG,"{'GAG': 2601.0, 'GAA': 1.0}"
100,2602.0,1.0,S,{'S': 2602.0},,0.13663410712757165,0.4456600078647676,2600.0,0.9992313604919293,UCG,"{'UCG': 2600.0, 'UCA': 2.0}"
101,2602.0,1.0,T,{'T': 2602.0},,0.13663410712757165,0.4456600078647676,2596.0,0.9976940814757879,ACC,"{'ACC': 2596.0, 'ACU': 6.0}"
102,2602.0,1.0,E,{'E': 2602.0},,0.13663410712757165,0.4456600078647676,2602.0,1.0,GAA,{'GAA': 2602.0}
103,2602.0,1.0,I,{'I': 2602.0},,0.13663410712757165,0.4456600078647676,2602.0,1.0,AUC,{'AUC': 2602.0}
104,2602.0,1.0,L,{'L': 2602.0},,0.13663410712757165,0.4456600078647676,2601.0,0.9996156802459646,CUG,"{'CUG': 2601.0, 'CUC': 1.0}"
105,2602.0,1.0,T,{'T': 2602.0},,0.13663410712757165,0.4456600078647676,2601.0,0.9996156802459646,ACG,"{'ACC': 1.0, 'ACG': 2601.0}"
106,2602.0,1.0,I,{'I': 2602.0},,0.13663410712757165,0.4456600078647676,2602.0,1.0,AUU,{'AUU': 2602.0}
107,2602.0,1.0,F,{'F': 2602.0},,0.13663410712757165,0.4456600078647676,2602.0,1.0,UUU,{'UUU': 2602.0}
108,2602.0,1.0,P,{'P': 2602.0},,0.13663410712757165,0.4456600078647676,2321.0,0.8920061491160646,CCG,"{'CCG': 2321.0, 'CCA': 281.0}"
109,2602.0,1.0,W,{'W': 2602.0},,0.13663410712757165,0.4456600078647676,2602.0,1.0,UGG,{'UGG': 2602.0}
110,2602.0,1.0,Y,{'Y': 2602.0},,0.13663410712757165,0.4456600078647676,2601.0,0.9996156802459646,UAC,"{'UAC': 2601.0, 'UAU': 1.0}"
111,2602.0,1.0,S,{'S': 2602.0},,0.13663410712757165,0.4456600078647676,2601.0,0.9996156802459646,AGC,"{'AGU': 1.0, 'AGC': 2601.0}"
112,2602.0,1.0,Y,{'Y': 2602.0},,0.13663410712757165,0.4456600078647676,2596.0,0.9976940814757879,UAC,"{'UAC': 2596.0, 'UAU': 6.0}"
113,2308.0,0.8870099923136049,L,"{'M': 294.0, 'L': 2308.0}",,-3.2450563101103804,0.0005871370025949173,2299.0,0.8835511145272867,CUG,"{'CUG': 2299.0, 'UUG': 7.0, 'CUA': 2.0, 'AUG': 294.0}"
114,2601.0,0.9996156802459646,V,"{'A': 1.0, 'V': 2601.0}",,0.12513175876961782,0.45020962051292857,2601.0,0.9996156802459646,GUC,"{'GUC': 2601.0, 'GCC': 1.0}"
115,2602.0,1.0,G,{'G': 2602.0},,0.13663410712757165,0.4456600078647676,2602.0,1.0,GGC,{'GGC': 2602.0}
116,1508.0,0.579554189085319,I,"{'I': 1508.0, 'L': 1094.0}",,-12.446934996472152,7.265966350157832e-36,1508.0,0.579554189085319,AUA,"{'AUA': 1508.0, 'UUA': 1094.0}"
117,2601.0,0.9996156802459646,F,"{'S': 1.0, 'F': 2601.0}",,0.12513175876961782,0.45020962051292857,2601.0,0.9996156802459646,UUU,"{'UUU': 2601.0, 'UCU': 1.0}"
118,2602.0,1.0,I,{'I': 2602.0},,0.13663410712757165,0.4456600078647676,2602.0,1.0,AUU,{'AUU': 2602.0}
119,2601.0,0.9996156802459646,F,"{'I': 1.0, 'F': 2601.0}",,0.12513175876961782,0.45020962051292857,2601.0,0.9996156802459646,UUU,"{'UUU': 2601.0, 'AUU': 1.0}"
120,2305.0,0.8858570330514989,A,"{'A': 2305.0, 'P': 1.0, 'V': 296.0}",,-3.2795633551842354,0.0005198393156014832,2302.0,0.8847040737893928,GCG,"{'GCA': 3.0, 'CCG': 1.0, 'GUG': 296.0, 'GCG': 2302.0}"
121,2602.0,1.0,L,{'L': 2602.0},,0.13663410712757165,0.4456600078647676,2602.0,1.0,CUC,{'CUC': 2602.0}
122,2602.0,1.0,G,{'G': 2602.0},,0.13663410712757165,0.4456600078647676,2602.0,1.0,GGC,{'GGC': 2602.0}
123,2521.0,0.968870099923136,V,"{'A': 1.0, 'L': 80.0, 'V': 2521.0}",,-0.7950561098665593,0.21329043194098535,2515.0,0.9665641813989239,GUA,"{'GCA': 1.0, 'GUG': 6.0, 'GUA': 2515.0, 'UUA': 80.0}"
124,2602.0,1.0,I,{'I': 2602.0},,0.13663410712757165,0.4456600078647676,2599.0,0.9988470407378939,AUA,"{'AUA': 2599.0, 'AUU': 3.0}"
125,2602.0,1.0,A,{'A': 2602.0},,0.13663410712757165,0.4456600078647676,2328.0,0.8946963873943121,GCA,"{'GCA': 2328.0, 'GCU': 6.0, 'GCG': 268.0}"
126,2596.0,0.9976940814757879,I,"{'I': 2596.0, 'V': 6.0}",,0.06762001697985862,0.47304406031164603,2596.0,0.9976940814757879,AUC,"{'GUC': 6.0, 'AUC': 2596.0}"
127,2602.0,1.0,R,{'R': 2602.0},,0.13663410712757165,0.4456600078647676,2585.0,0.9934665641813989,AGG,"{'AGG': 2585.0, 'CGG': 17.0}"
128,2602.0,1.0,R,{'R': 2602.0},,0.13663410712757165,0.4456600078647676,2586.0,0.9938508839354343,CGA,"{'CGA': 2586.0, 'AGA': 1.0, 'CGG': 15.0}"
129,2602.0,1.0,K,{'K': 2602.0},,0.13663410712757165,0.4456600078647676,2602.0,1.0,AAA,{'AAA': 2602.0}
130,2602.0,1.0,K,{'K': 2602.0},,0.13663410712757165,0.4456600078647676,2602.0,1.0,AAA,{'AAA': 2602.0}
131,2602.0,1.0,E,{'E': 2602.0},,0.13663410712757165,0.4456600078647676,2602.0,1.0,GAG,{'GAG': 2602.0}
132,1672.0,0.6425826287471176,S,"{'S': 1672.0, 'N': 930.0}",,-10.560549865767989,2.2699728166093903e-26,1669.0,0.6414296694850116,AGU,"{'AAU': 930.0, 'AGU': 1669.0, 'AGC': 3.0}"
133,2600.0,0.9992313604919293,E,"{'K': 2.0, 'E': 2600.0}",,0.1136294104116673,0.4547657861023571,2600.0,0.9992313604919293,GAA,"{'AAA': 2.0, 'GAA': 2600.0}"
134,2602.0,1.0,K,{'K': 2602.0},,0.13663410712757165,0.4456600078647676,2602.0,1.0,AAA,{'AAA': 2602.0}
135,2598.0,0.9984627209838586,A,"{'A': 2598.0, 'P': 1.0, 'T': 3.0}",,0.09062471369576296,0.4638953970212353,2598.0,0.9984627209838586,GCG,"{'CCG': 1.0, 'ACG': 3.0, 'GCG': 2598.0}"
136,2587.0,0.9942352036894696,R,"{'H': 15.0, 'R': 2587.0}",,-0.035901118241712604,0.48568060210789765,2587.0,0.9942352036894696,CGC,"{'CAC': 15.0, 'CGC': 2587.0}"
137,2602.0,1.0,W,{'W': 2602.0},,0.13663410712757165,0.4456600078647676,2602.0,1.0,UGG,{'UGG': 2602.0}
138,2599.0,0.9988470407378939,N,"{'S': 3.0, 'N': 2599.0}",,0.10212706205371347,0.4593279104507949,2599.0,0.9988470407378939,AAU,"{'AAU': 2599.0, 'AGU': 3.0}"
139,2595.0,0.9973097617217525,T,"{'P': 1.0, 'K': 6.0, 'T': 2595.0}",,0.05611766862190478,0.4776240342965043,2595.0,0.9973097617217525,ACC,"{'ACC': 2595.0, 'AAA': 6.0, 'CCC': 1.0}"
140,2602.0,1.0,F,{'F': 2602.0},,0.13663410712757165,0.4456600078647676,2602.0,1.0,UUC,{'UUC': 2602.0}
141,2602.0,1.0,D,{'D': 2602.0},,0.13663410712757165,0.4456600078647676,2594.0,0.9969254419677172,GAC,"{'GAU': 8.0, 'GAC': 2594.0}"
142,2599.0,0.9988470407378939,S,"{'S': 2599.0, 'N': 3.0}",,0.10212706205371347,0.4593279104507949,2596.0,0.9976940814757879,AGC,"{'AGU': 3.0, 'AGC': 2596.0, 'AAC': 3.0}"
143,2602.0,1.0,L,{'L': 2602.0},,0.13663410712757165,0.4456600078647676,2468.0,0.9485011529592621,CUG,"{'CUG': 2468.0, 'UUG': 134.0}"
144,2602.0,1.0,C,{'C': 2602.0},,0.13663410712757165,0.4456600078647676,1386.0,0.5326671790930054,UGU,"{'UGC': 1216.0, 'UGU': 1386.0}"
145,2602.0,1.0,L,{'L': 2602.0},,0.13663410712757165,0.4456600078647676,2602.0,1.0,CUG,{'CUG': 2602.0}
146,2602.0,1.0,V,{'V': 2602.0},,0.13663410712757165,0.4456600078647676,2602.0,1.0,GUA,{'GUA': 2602.0}
147,2602.0,1.0,F,{'F': 2602.0},,0.13663410712757165,0.4456600078647676,2602.0,1.0,UUC,{'UUC': 2602.0}
148,2602.0,1.0,S,{'S': 2602.0},,0.13663410712757165,0.4456600078647676,2598.0,0.9984627209838586,AGU,"{'AGU': 2598.0, 'AGC': 4.0}"
149,2573.0,0.9888547271329746,V,"{'A': 29.0, 'V': 2573.0}",,-0.19693399525304303,0.4219395951079526,2433.0,0.9350499615680246,GUG,"{'GUA': 140.0, 'GUG': 2433.0, 'GCG': 29.0}"
150,2602.0,1.0,A,{'A': 2602.0},,0.13663410712757165,0.4456600078647676,2602.0,1.0,GCG,{'GCG': 2602.0}
151,2592.0,0.9961568024596464,T,"{'A': 10.0, 'T': 2592.0}",,0.02161062354804992,0.4913792795728439,2588.0,0.994619523443505,ACA,"{'GCA': 10.0, 'ACA': 2588.0, 'ACU': 4.0}"
152,2561.0,0.9842428900845503,F,"{'Y': 41.0, 'F': 2561.0}",,-0.3349621755484691,0.36882680956498637,2561.0,0.9842428900845503,UUU,"{'UUU': 2561.0, 'UAU': 41.0}"
153,2602.0,1.0,F,{'F': 2602.0},,0.13663410712757165,0.4456600078647676,2602.0,1.0,UUU,{'UUU': 2602.0}
154,2602.0,1.0,V,{'V': 2602.0},,0.13663410712757165,0.4456600078647676,2599.0,0.9988470407378939,GUU,"{'GUC': 3.0, 'GUU': 2599.0}"
155,2602.0,1.0,A,{'A': 2602.0},,0.13663410712757165,0.4456600078647676,2599.0,0.9988470407378939,GCU,"{'GCC': 3.0, 'GCU': 2599.0}"
156,2602.0,1.0,P,{'P': 2602.0},,0.13663410712757165,0.4456600078647676,2599.0,0.9988470407378939,CCC,"{'CCG': 3.0, 'CCC': 2599.0}"
157,2419.0,0.9296694850115296,V,"{'A': 2.0, 'M': 181.0, 'V': 2419.0}",,-1.9682956423776843,0.02451701552708537,2416.0,0.9285165257494236,GUG,"{'GUU': 3.0, 'GUG': 2416.0, 'GCG': 2.0, 'AUG': 181.0}"
158,2602.0,1.0,Q,{'Q': 2602.0},,0.13663410712757165,0.4456600078647676,2602.0,1.0,CAA,{'CAA': 2602.0}
159,2601.0,0.9996156802459646,N,"{'S': 1.0, 'N': 2601.0}",,0.12513175876961782,0.45020962051292857,2598.0,0.9984627209838586,AAC,"{'AAU': 3.0, 'AGC': 1.0, 'AAC': 2598.0}"
160,2602.0,1.0,L,{'L': 2602.0},,0.13663410712757165,0.4456600078647676,2602.0,1.0,CUG,{'CUG': 2602.0}
161,2600.0,0.9992313604919293,A,"{'A': 2600.0, 'T': 2.0}",,0.1136294104116673,0.4547657861023571,2600.0,0.9992313604919293,GCC,"{'ACC': 2.0, 'GCC': 2600.0}"
162,2601.0,0.9996156802459646,W,"{'C': 1.0, 'W': 2601.0}",,0.12513175876961782,0.45020962051292857,2601.0,0.9996156802459646,UGG,"{'UGC': 1.0, 'UGG': 2601.0}"
163,2601.0,0.9996156802459646,G,"{'S': 1.0, 'G': 2601.0}",,0.12513175876961782,0.45020962051292857,1787.0,0.6867794004611837,GGC,"{'GGU': 808.0, 'GGG': 6.0, 'AGC': 1.0, 'GGC': 1787.0}"
164,2602.0,1.0,G,{'G': 2602.0},,0.13663410712757165,0.4456600078647676,2602.0,1.0,GGC,{'GGC': 2602.0}
165,2602.0,1.0,V,{'V': 2602.0},,0.13663410712757165,0.4456600078647676,2602.0,1.0,GUA,{'GUA': 2602.0}
166,2602.0,1.0,F,{'F': 2602.0},,0.13663410712757165,0.4456600078647676,2602.0,1.0,UUU,{'UUU': 2602.0}
167,2601.0,0.9996156802459646,K,"{'K': 2601.0, 'N': 1.0}",,0.12513175876961782,0.45020962051292857,2601.0,0.9996156802459646,AAA,"{'AAU': 1.0, 'AAA': 2601.0}"
168,2602.0,1.0,L,{'L': 2602.0},,0.13663410712757165,0.4456600078647676,2597.0,0.9980784012298232,CUG,"{'CUG': 2597.0, 'UUG': 3.0, 'CUU': 2.0}"
169,2601.0,0.9996156802459646,K,"{'I': 1.0, 'K': 2601.0}",,0.12513175876961782,0.45020962051292857,2598.0,0.9984627209838586,AAA,"{'AUA': 1.0, 'AAG': 3.0, 'AAA': 2598.0}"
170,2602.0,1.0,D,{'D': 2602.0},,0.13663410712757165,0.4456600078647676,2602.0,1.0,GAU,{'GAU': 2602.0}
171,2602.0,1.0,T,{'T': 2602.0},,0.13663410712757165,0.4456600078647676,2562.0,0.9846272098385856,ACU,"{'ACC': 40.0, 'ACU': 2562.0}"
172,2602.0,1.0,G,{'G': 2602.0},,0.13663410712757165,0.4456600078647676,2600.0,0.9992313604919293,GGC,"{'GGU': 2.0, 'GGC': 2600.0}"
173,2602.0,1.0,Y,{'Y': 2602.0},,0.13663410712757165,0.4456600078647676,2602.0,1.0,UAU,{'UAU': 2602.0}
174,2601.0,0.9996156802459646,P,"{'P': 2601.0, 'T': 1.0}",,0.12513175876961782,0.45020962051292857,2601.0,0.9996156802459646,CCG,"{'CCG': 2601.0, 'ACG': 1.0}"
175,2601.0,0.9996156802459646,V,"{'I': 1.0, 'V': 2601.0}",,0.12513175876961782,0.45020962051292857,2601.0,0.9996156802459646,GUA,"{'AUA': 1.0, 'GUA': 2601.0}"
176,2602.0,1.0,F,{'F': 2602.0},,0.13663410712757165,0.4456600078647676,2602.0,1.0,UUU,{'UUU': 2602.0}
177,2601.0,0.9996156802459646,R,"{'R': 2601.0, 'L': 1.0}",,0.12513175876961782,0.45020962051292857,2601.0,0.9996156802459646,CGU,"{'CUU': 1.0, 'CGU': 2601.0}"
178,2602.0,1.0,F,{'F': 2602.0},,0.13663410712757165,0.4456600078647676,2599.0,0.9988470407378939,UUU,"{'UUU': 2599.0, 'UUC': 3.0}"
179,2601.0,0.9996156802459646,A,"{'A': 2601.0, 'V': 1.0}",,0.12513175876961782,0.45020962051292857,2601.0,0.9996156802459646,GCU,"{'GCU': 2601.0, 'GUU': 1.0}"
180,2601.0,0.9996156802459646,K,"{'Q': 1.0, 'K': 2601.0}",,0.12513175876961782,0.45020962051292857,2601.0,0.9996156802459646,AAG,"{'AAG': 2601.0, 'CAG': 1.0}"
181,2601.0,0.9996156802459646,D,"{'D': 2601.0, 'N': 1.0}",,0.12513175876961782,0.45020962051292857,2601.0,0.9996156802459646,GAU,"{'AAU': 1.0, 'GAU': 2601.0}"
182,2559.0,0.9834742505764796,V,"{'I': 43.0, 'V': 2559.0}",,-0.35796687226437346,0.36018405255630787,2559.0,0.9834742505764796,GUC,"{'GUC': 2559.0, 'AUC': 43.0}"
183,2602.0,1.0,I,{'I': 2602.0},,0.13663410712757165,0.4456600078647676,2602.0,1.0,AUC,{'AUC': 2602.0}
184,2601.0,0.9996156802459646,V,"{'I': 1.0, 'V': 2601.0}",,0.12513175876961782,0.45020962051292857,2598.0,0.9984627209838586,GUC,"{'GUC': 2598.0, 'AUC': 1.0, 'GUU': 3.0}"
185,2602.0,1.0,N,{'N': 2602.0},,0.13663410712757165,0.4456600078647676,2596.0,0.9976940814757879,AAU,"{'AAU': 2596.0, 'AAC': 6.0}"
186,2602.0,1.0,N,{'N': 2602.0},,0.13663410712757165,0.4456600078647676,2602.0,1.0,AAU,{'AAU': 2602.0}
187,2602.0,1.0,N,{'N': 2602.0},,0.13663410712757165,0.4456600078647676,2602.0,1.0,AAC,{'AAC': 2602.0}
188,2602.0,1.0,E,{'E': 2602.0},,0.13663410712757165,0.4456600078647676,2602.0,1.0,GAG,{'GAG': 2602.0}
189,2597.0,0.9980784012298232,V,"{'G': 5.0, 'V': 2597.0}",,0.07912236533780913,0.4684676471559089,2594.0,0.9969254419677172,GUG,"{'GUA': 3.0, 'GUG': 2594.0, 'GGG': 5.0}"
190,2602.0,1.0,I,{'I': 2602.0},,0.13663410712757165,0.4456600078647676,2569.0,0.9873174481168332,AUU,"{'AUC': 33.0, 'AUU': 2569.0}"
191,2602.0,1.0,E,{'E': 2602.0},,0.13663410712757165,0.4456600078647676,2602.0,1.0,GAA,{'GAA': 2602.0}
192,2602.0,1.0,E,{'E': 2602.0},,0.13663410712757165,0.4456600078647676,2602.0,1.0,GAG,{'GAG': 2602.0}
193,2602.0,1.0,Q,{'Q': 2602.0},,0.13663410712757165,0.4456600078647676,2602.0,1.0,CAA,{'CAA': 2602.0}
194,2600.0,0.9992313604919293,E,"{'E': 2600.0, 'V': 2.0}",,0.1136294104116673,0.4547657861023571,2597.0,0.9980784012298232,GAA,"{'GAG': 3.0, 'GUA': 2.0, 'GAA': 2597.0}"
195,2602.0,1.0,R,{'R': 2602.0},,0.13663410712757165,0.4456600078647676,2600.0,0.9992313604919293,CGG,"{'CGA': 2.0, 'CGG': 2600.0}"
196,2602.0,1.0,M,{'M': 2602.0},,0.13663410712757165,0.4456600078647676,2602.0,1.0,AUG,{'AUG': 2602.0}
197,2602.0,1.0,A,{'A': 2602.0},,0.13663410712757165,0.4456600078647676,2599.0,0.9988470407378939,GCA,"{'GCA': 2599.0, 'GCG': 3.0}"
198,2601.0,0.9996156802459646,K,"{'K': 2601.0, 'N': 1.0}",,0.12513175876961782,0.45020962051292857,2601.0,0.9996156802459646,AAA,"{'AAU': 1.0, 'AAA': 2601.0}"
199,2602.0,1.0,L,{'L': 2602.0},,0.13663410712757165,0.4456600078647676,2553.0,0.9811683320522675,CUU,"{'CUG': 49.0, 'CUU': 2553.0}"
200,2601.0,0.9996156802459646,S,"{'S': 2601.0, 'F': 1.0}",,0.12513175876961782,0.45020962051292857,2601.0,0.9996156802459646,UCC,"{'UCC': 2601.0, 'UUC': 1.0}"
201,2602.0,1.0,G,{'G': 2602.0},,0.13663410712757165,0.4456600078647676,2596.0,0.9976940814757879,GGA,"{'GGG': 6.0, 'GGA': 2596.0}"
202,2602.0,1.0,M,{'M': 2602.0},,0.13663410712757165,0.4456600078647676,2602.0,1.0,AUG,{'AUG': 2602.0}
203,2602.0,1.0,K,{'K': 2602.0},,0.13663410712757165,0.4456600078647676,2602.0,1.0,AAA,{'AAA': 2602.0}
204,2602.0,1.0,D,{'D': 2602.0},,0.13663410712757165,0.4456600078647676,2599.0,0.9988470407378939,GAU,"{'GAU': 2599.0, 'GAC': 3.0}"
205,2600.0,0.9992313604919293,T,"{'P': 2.0, 'T': 2600.0}",,0.1136294104116673,0.4547657861023571,2599.0,0.9988470407378939,ACC,"{'ACC': 2599.0, 'CCC': 2.0, 'ACU': 1.0}"
206,2602.0,1.0,W,{'W': 2602.0},,0.13663410712757165,0.4456600078647676,2602.0,1.0,UGG,{'UGG': 2602.0}
207,2602.0,1.0,T,{'T': 2602.0},,0.13663410712757165,0.4456600078647676,2599.0,0.9988470407378939,ACG,"{'ACG': 2599.0, 'ACU': 3.0}"
208,2599.0,0.9988470407378939,V,"{'I': 3.0, 'V': 2599.0}",,0.10212706205371347,0.4593279104507949,2596.0,0.9976940814757879,GUC,"{'GUC': 2596.0, 'AUU': 3.0, 'GUU': 3.0}"
209,2602.0,1.0,T,{'T': 2602.0},,0.13663410712757165,0.4456600078647676,2599.0,0.9988470407378939,ACU,"{'ACG': 3.0, 'ACU': 2599.0}"
210,2602.0,1.0,A,{'A': 2602.0},,0.13663410712757165,0.4456600078647676,2596.0,0.9976940814757879,GCC,"{'GCA': 6.0, 'GCC': 2596.0}"
211,2602.0,1.0,V,{'V': 2602.0},,0.13663410712757165,0.4456600078647676,2602.0,1.0,GUU,{'GUU': 2602.0}
212,2602.0,1.0,K,{'K': 2602.0},,0.13663410712757165,0.4456600078647676,2599.0,0.9988470407378939,AAG,"{'AAG': 2599.0, 'AAA': 3.0}"
213,2602.0,1.0,P,{'P': 2602.0},,0.13663410712757165,0.4456600078647676,2601.0,0.9996156802459646,CCG,"{'CCU': 1.0, 'CCG': 2601.0}"
214,2602.0,1.0,K,{'K': 2602.0},,0.13663410712757165,0.4456600078647676,2374.0,0.9123750960799385,AAG,"{'AAG': 2374.0, 'AAA': 228.0}"
215,2602.0,1.0,Y,{'Y': 2602.0},,0.13663410712757165,0.4456600078647676,2599.0,0.9988470407378939,UAU,"{'UAC': 3.0, 'UAU': 2599.0}"
216,2599.0,0.9988470407378939,Q,"{'Q': 2599.0, 'H': 3.0}",,0.10212706205371347,0.4593279104507949,2599.0,0.9988470407378939,CAG,"{'CAC': 3.0, 'CAG': 2599.0}"
217,2597.0,0.9980784012298232,T,"{'I': 5.0, 'T': 2597.0}",,0.07912236533780913,0.4684676471559089,2594.0,0.9969254419677172,ACC,"{'ACC': 2594.0, 'AUC': 5.0, 'ACU': 3.0}"
218,2602.0,1.0,Y,{'Y': 2602.0},,0.13663410712757165,0.4456600078647676,2602.0,1.0,UAU,{'UAU': 2602.0}
219,2602.0,1.0,V,{'V': 2602.0},,0.13663410712757165,0.4456600078647676,2602.0,1.0,GUG,{'GUG': 2602.0}
220,2602.0,1.0,V,{'V': 2602.0},,0.13663410712757165,0.4456600078647676,2581.0,0.9919292851652575,GUG,"{'GUC': 1.0, 'GUA': 20.0, 'GUG': 2581.0}"
221,2599.0,0.9988470407378939,V,"{'G': 3.0, 'V': 2599.0}",,0.10212706205371347,0.4593279104507949,2599.0,0.9988470407378939,GUG,"{'GGG': 3.0, 'GUG': 2599.0}"
222,2602.0,1.0,I,{'I': 2602.0},,0.13663410712757165,0.4456600078647676,2602.0,1.0,AUC,{'AUC': 2602.0}
223,2602.0,1.0,G,{'G': 2602.0},,0.13663410712757165,0.4456600078647676,1381.0,0.5307455803228286,GGU,"{'GGU': 1381.0, 'GGG': 1.0, 'GGA': 1215.0, 'GGC': 5.0}"
224,2602.0,1.0,E,{'E': 2602.0},,0.13663410712757165,0.4456600078647676,2602.0,1.0,GAA,{'GAA': 2602.0}
225,2602.0,1.0,S,{'S': 2602.0},,0.13663410712757165,0.4456600078647676,2594.0,0.9969254419677172,AGC,"{'AGU': 8.0, 'AGC': 2594.0}"
226,2601.0,0.9996156802459646,A,"{'A': 2601.0, 'S': 1.0}",,0.12513175876961782,0.45020962051292857,2597.0,0.9980784012298232,GCG,"{'GCA': 4.0, 'UCG': 1.0, 'GCG': 2597.0}"
227,2602.0,1.0,R,{'R': 2602.0},,0.13663410712757165,0.4456600078647676,2599.0,0.9988470407378939,CGU,"{'CGU': 2599.0, 'CGG': 3.0}"
228,2602.0,1.0,R,{'R': 2602.0},,0.13663410712757165,0.4456600078647676,2602.0,1.0,CGC,{'CGC': 2602.0}
229,2601.0,0.9996156802459646,D,"{'E': 1.0, 'D': 2601.0}",,0.12513175876961782,0.45020962051292857,2592.0,0.9961568024596464,GAU,"{'GAG': 1.0, 'GAU': 2592.0, 'GAC': 9.0}"
230,2602.0,1.0,A,{'A': 2602.0},,0.13663410712757165,0.4456600078647676,2596.0,0.9976940814757879,GCC,"{'GCC': 2596.0, 'GCU': 3.0, 'GCG': 3.0}"
231,2602.0,1.0,L,{'L': 2602.0},,0.13663410712757165,0.4456600078647676,2598.0,0.9984627209838586,CUC,"{'CUU': 3.0, 'CUC': 2598.0, 'CUA': 1.0}"
232,2602.0,1.0,G,{'G': 2602.0},,0.13663410712757165,0.4456600078647676,2601.0,0.9996156802459646,GGU,"{'GGU': 2601.0, 'GGG': 1.0}"
233,2602.0,1.0,A,{'A': 2602.0},,0.13663410712757165,0.4456600078647676,2602.0,1.0,GCC,{'GCC': 2602.0}
234,2602.0,1.0,F,{'F': 2602.0},,0.13663410712757165,0.4456600078647676,2602.0,1.0,UUU,{'UUU': 2602.0}
235,2602.0,1.0,G,{'G': 2602.0},,0.13663410712757165,0.4456600078647676,2602.0,1.0,GGC,{'GGC': 2602.0}
236,2601.0,0.9996156802459646,G,"{'S': 1.0, 'G': 2601.0}",,0.12513175876961782,0.45020962051292857,2598.0,0.9984627209838586,GGU,"{'GGU': 2598.0, 'AGU': 1.0, 'GGC': 3.0}"
237,2602.0,1.0,H,{'H': 2602.0},,0.13663410712757165,0.4456600078647676,2602.0,1.0,CAC,{'CAC': 2602.0}
238,2602.0,1.0,W,{'W': 2602.0},,0.13663410712757165,0.4456600078647676,2602.0,1.0,UGG,{'UGG': 2602.0}
239,2423.0,0.931206764027671,D,"{'D': 2423.0, 'N': 179.0}",,-1.9222862489458756,0.027284874654595483,2419.0,0.9296694850115296,GAC,"{'GAU': 4.0, 'GAC': 2419.0, 'AAC': 179.0}"
240,2602.0,1.0,N,{'N': 2602.0},,0.13663410712757165,0.4456600078647676,2596.0,0.9976940814757879,AAU,"{'AAU': 2596.0, 'AAC': 6.0}"
241,2596.0,0.9976940814757879,T,"{'P': 6.0, 'T': 2596.0}",,0.06762001697985862,0.47304406031164603,2596.0,0.9976940814757879,ACC,"{'ACC': 2596.0, 'CCC': 6.0}"
242,2602.0,1.0,P,{'P': 2602.0},,0.13663410712757165,0.4456600078647676,2494.0,0.9584934665641814,CCG,"{'CCG': 2494.0, 'CCA': 108.0}"
243,2602.0,1.0,F,{'F': 2602.0},,0.13663410712757165,0.4456600078647676,2602.0,1.0,UUU,{'UUU': 2602.0}
244,2602.0,1.0,A,{'A': 2602.0},,0.13663410712757165,0.4456600078647676,2602.0,1.0,GCC,{'GCC': 2602.0}
245,2599.0,0.9988470407378939,S,"{'I': 2.0, 'S': 2599.0, 'G': 1.0}",,0.10212706205371347,0.4593279104507949,2599.0,0.9988470407378939,AGC,"{'AUC': 2.0, 'AGC': 2599.0, 'GGC': 1.0}"
246,2601.0,0.9996156802459646,S,"{'S': 2601.0, 'G': 1.0}",,0.12513175876961782,0.45020962051292857,2376.0,0.9131437355880092,AGC,"{'AGU': 225.0, 'AGC': 2376.0, 'GGC': 1.0}"
247,2602.0,1.0,V,{'V': 2602.0},,0.13663410712757165,0.4456600078647676,2602.0,1.0,GUU,{'GUU': 2602.0}
248,2602.0,1.0,N,{'N': 2602.0},,0.13663410712757165,0.4456600078647676,2602.0,1.0,AAC,{'AAC': 2602.0}
249,2602.0,1.0,G,{'G': 2602.0},,0.13663410712757165,0.4456600078647676,2599.0,0.9988470407378939,GGU,"{'GGU': 2599.0, 'GGC': 3.0}"
250,2602.0,1.0,L,{'L': 2602.0},,0.13663410712757165,0.4456600078647676,2596.0,0.9976940814757879,UUG,"{'CUG': 6.0, 'UUG': 2596.0}"
251,2598.0,0.9984627209838586,I,"{'I': 2598.0, 'L': 4.0}",,0.09062471369576296,0.4638953970212353,2592.0,0.9961568024596464,AUA,"{'AUA': 2592.0, 'CUU': 4.0, 'AUU': 3.0, 'AUC': 3.0}"
252,2602.0,1.0,F,{'F': 2602.0},,0.13663410712757165,0.4456600078647676,2599.0,0.9988470407378939,UUU,"{'UUU': 2599.0, 'UUC': 3.0}"
253,2601.0,0.9996156802459646,A,"{'A': 2601.0, 'T': 1.0}",,0.12513175876961782,0.45020962051292857,2601.0,0.9996156802459646,GCU,"{'GCU': 2601.0, 'ACU': 1.0}"
254,2601.0,0.9996156802459646,D,"{'A': 1.0, 'D': 2601.0}",,0.12513175876961782,0.45020962051292857,2598.0,0.9984627209838586,GAC,"{'GAU': 3.0, 'GAC': 2598.0, 'GCC': 1.0}"
255,2602.0,1.0,Y,{'Y': 2602.0},,0.13663410712757165,0.4456600078647676,2602.0,1.0,UAC,{'UAC': 2602.0}
256,2602.0,1.0,I,{'I': 2602.0},,0.13663410712757165,0.4456600078647676,2602.0,1.0,AUU,{'AUU': 2602.0}
257,2602.0,1.0,A,{'A': 2602.0},,0.13663410712757165,0.4456600078647676,2581.0,0.9919292851652575,GCC,"{'GCC': 2581.0, 'GCU': 21.0}"
258,2602.0,1.0,A,{'A': 2602.0},,0.13663410712757165,0.4456600078647676,2602.0,1.0,GCC,{'GCC': 2602.0}
259,2601.0,0.9996156802459646,S,"{'S': 2601.0, 'G': 1.0}",,0.12513175876961782,0.45020962051292857,2598.0,0.9984627209838586,AGU,"{'GGU': 1.0, 'AGU': 2598.0, 'AGC': 3.0}"
260,2602.0,1.0,G,{'G': 2602.0},,0.13663410712757165,0.4456600078647676,2598.0,0.9984627209838586,GGC,"{'GGU': 4.0, 'GGC': 2598.0}"
261,2602.0,1.0,S,{'S': 2602.0},,0.13663410712757165,0.4456600078647676,2548.0,0.9792467332820907,UCC,"{'UCG': 52.0, 'UCU': 2.0, 'UCC': 2548.0}"
262,2602.0,1.0,T,{'T': 2602.0},,0.13663410712757165,0.4456600078647676,2602.0,1.0,ACG,{'ACG': 2602.0}
263,2602.0,1.0,Q,{'Q': 2602.0},,0.13663410712757165,0.4456600078647676,2596.0,0.9976940814757879,CAG,"{'CAA': 6.0, 'CAG': 2596.0}"
264,2602.0,1.0,K,{'K': 2602.0},,0.13663410712757165,0.4456600078647676,2602.0,1.0,AAA,{'AAA': 2602.0}
265,2602.0,1.0,S,{'S': 2602.0},,0.13663410712757165,0.4456600078647676,2597.0,0.9980784012298232,UCG,"{'UCG': 2597.0, 'UCA': 5.0}"
266,2601.0,0.9996156802459646,L,"{'L': 2601.0, 'F': 1.0}",,0.12513175876961782,0.45020962051292857,2598.0,0.9984627209838586,CUU,"{'UUU': 1.0, 'CUU': 2598.0, 'CUC': 3.0}"
267,2601.0,0.9996156802459646,G,"{'D': 1.0, 'G': 2601.0}",,0.12513175876961782,0.45020962051292857,2601.0,0.9996156802459646,GGC,"{'GAC': 1.0, 'GGC': 2601.0}"
268,2602.0,1.0,L,{'L': 2602.0},,0.13663410712757165,0.4456600078647676,2602.0,1.0,UUA,{'UUA': 2602.0}
269,2602.0,1.0,T,{'T': 2602.0},,0.13663410712757165,0.4456600078647676,2598.0,0.9984627209838586,ACG,"{'ACA': 4.0, 'ACG': 2598.0}"
270,2602.0,1.0,L,{'L': 2602.0},,0.13663410712757165,0.4456600078647676,2596.0,0.9976940814757879,CUC,"{'CUU': 6.0, 'CUC': 2596.0}"
271,2602.0,1.0,N,{'N': 2602.0},,0.13663410712757165,0.4456600078647676,2596.0,0.9976940814757879,AAU,"{'AAU': 2596.0, 'AAC': 6.0}"
272,2602.0,1.0,R,{'R': 2602.0},,0.13663410712757165,0.4456600078647676,2602.0,1.0,CGC,{'CGC': 2602.0}
273,2601.0,0.9996156802459646,V,"{'G': 1.0, 'V': 2601.0}",,0.12513175876961782,0.45020962051292857,1597.0,0.6137586471944658,GUU,"{'GUC': 3.0, 'GGU': 1.0, 'GUA': 997.0, 'GUG': 4.0, 'GUU': 1597.0}"
274,2602.0,1.0,V,{'V': 2602.0},,0.13663410712757165,0.4456600078647676,2602.0,1.0,GUC,{'GUC': 2602.0}
275,2601.0,0.9996156802459646,D,"{'D': 2601.0, 'G': 1.0}",,0.12513175876961782,0.45020962051292857,2601.0,0.9996156802459646,GAU,"{'GGU': 1.0, 'GAU': 2601.0}"
276,2602.0,1.0,G,{'G': 2602.0},,0.13663410712757165,0.4456600078647676,2602.0,1.0,GGC,{'GGC': 2602.0}
277,2602.0,1.0,K,{'K': 2602.0},,0.13663410712757165,0.4456600078647676,2576.0,0.9900076863950807,AAA,"{'AAG': 26.0, 'AAA': 2576.0}"
278,2602.0,1.0,P,{'P': 2602.0},,0.13663410712757165,0.4456600078647676,2602.0,1.0,CCA,{'CCA': 2602.0}
279,2602.0,1.0,Q,{'Q': 2602.0},,0.13663410712757165,0.4456600078647676,2599.0,0.9988470407378939,CAG,"{'CAA': 3.0, 'CAG': 2599.0}"
280,2602.0,1.0,F,{'F': 2602.0},,0.13663410712757165,0.4456600078647676,2602.0,1.0,UUU,{'UUU': 2602.0}
281,2602.0,1.0,Q,{'Q': 2602.0},,0.13663410712757165,0.4456600078647676,2602.0,1.0,CAG,{'CAG': 2602.0}
282,2600.0,0.9992313604919293,D,"{'D': 2600.0, 'G': 2.0}",,0.1136294104116673,0.4547657861023571,2599.0,0.9988470407378939,GAU,"{'GGU': 2.0, 'GAU': 2599.0, 'GAC': 1.0}"
283,2602.0,1.0,N,{'N': 2602.0},,0.13663410712757165,0.4456600078647676,2602.0,1.0,AAC,{'AAC': 2602.0}
284,2602.0,1.0,F,{'F': 2602.0},,0.13663410712757165,0.4456600078647676,2602.0,1.0,UUU,{'UUU': 2602.0}
285,2602.0,1.0,V,{'V': 2602.0},,0.13663410712757165,0.4456600078647676,2602.0,1.0,GUC,{'GUC': 2602.0}
286,2599.0,0.9988470407378939,T,"{'P': 3.0, 'T': 2599.0}",,0.10212706205371347,0.4593279104507949,2599.0,0.9988470407378939,ACC,"{'ACC': 2599.0, 'CCC': 3.0}"
287,2602.0,1.0,L,{'L': 2602.0},,0.13663410712757165,0.4456600078647676,2579.0,0.9911606456571868,CUG,"{'CUG': 2579.0, 'UUG': 12.0, 'CUU': 6.0, 'CUA': 5.0}"
288,2602.0,1.0,A,{'A': 2602.0},,0.13663410712757165,0.4456600078647676,2596.0,0.9976940814757879,GCA,"{'GCA': 2596.0, 'GCC': 6.0}"
289,2602.0,1.0,N,{'N': 2602.0},,0.13663410712757165,0.4456600078647676,2596.0,0.9976940814757879,AAU,"{'AAU': 2596.0, 'AAC': 6.0}"
290,2602.0,1.0,R,{'R': 2602.0},,0.13663410712757165,0.4456600078647676,2602.0,1.0,CGC,{'CGC': 2602.0}
291,2602.0,1.0,A,{'A': 2602.0},,0.13663410712757165,0.4456600078647676,2599.0,0.9988470407378939,GCG,"{'GCA': 3.0, 'GCG': 2599.0}"
292,2602.0,1.0,G,{'G': 2602.0},,0.13663410712757165,0.4456600078647676,2596.0,0.9976940814757879,GGC,"{'GGU': 6.0, 'GGC': 2596.0}"
293,2602.0,1.0,F,{'F': 2602.0},,0.13663410712757165,0.4456600078647676,2592.0,0.9961568024596464,UUC,"{'UUU': 10.0, 'UUC': 2592.0}"
294,2602.0,1.0,Q,{'Q': 2602.0},,0.13663410712757165,0.4456600078647676,2602.0,1.0,CAG,{'CAG': 2602.0}
295,2602.0,1.0,T,{'T': 2602.0},,0.13663410712757165,0.4456600078647676,2593.0,0.9965411222136817,ACC,"{'ACC': 2593.0, 'ACA': 5.0, 'ACG': 4.0}"
296,2602.0,1.0,W,{'W': 2602.0},,0.13663410712757165,0.4456600078647676,2602.0,1.0,UGG,{'UGG': 2602.0}
297,2602.0,1.0,W,{'W': 2602.0},,0.13663410712757165,0.4456600078647676,2602.0,1.0,UGG,{'UGG': 2602.0}
298,2602.0,1.0,F,{'F': 2602.0},,0.13663410712757165,0.4456600078647676,2602.0,1.0,UUU,{'UUU': 2602.0}
299,2602.0,1.0,S,{'S': 2602.0},,0.13663410712757165,0.4456600078647676,2602.0,1.0,UCC,{'UCC': 2602.0}
300,2602.0,1.0,N,{'N': 2602.0},,0.13663410712757165,0.4456600078647676,2592.0,0.9961568024596464,AAC,"{'AAU': 10.0, 'AAC': 2592.0}"
301,2602.0,1.0,Q,{'Q': 2602.0},,0.13663410712757165,0.4456600078647676,2602.0,1.0,CAG,{'CAG': 2602.0}
302,2600.0,0.9992313604919293,G,"{'D': 2.0, 'G': 2600.0}",,0.1136294104116673,0.4547657861023571,1478.0,0.5680245964642583,GGC,"{'GGU': 1082.0, 'GAC': 2.0, 'GGG': 34.0, 'GGA': 6.0, 'GGC': 1478.0}"
303,2602.0,1.0,Q,{'Q': 2602.0},,0.13663410712757165,0.4456600078647676,2602.0,1.0,CAA,{'CAA': 2602.0}
304,2602.0,1.0,I,{'I': 2602.0},,0.13663410712757165,0.4456600078647676,2596.0,0.9976940814757879,AUC,"{'AUC': 2596.0, 'AUU': 6.0}"
305,2602.0,1.0,G,{'G': 2602.0},,0.13663410712757165,0.4456600078647676,2596.0,0.9976940814757879,GGC,"{'GGU': 6.0, 'GGC': 2596.0}"
306,2602.0,1.0,E,{'E': 2602.0},,0.13663410712757165,0.4456600078647676,2599.0,0.9988470407378939,GAA,"{'GAG': 3.0, 'GAA': 2599.0}"
307,2602.0,1.0,Y,{'Y': 2602.0},,0.13663410712757165,0.4456600078647676,2595.0,0.9973097617217525,UAC,"{'UAC': 2595.0, 'UAU': 7.0}"
308,2602.0,1.0,D,{'D': 2602.0},,0.13663410712757165,0.4456600078647676,2602.0,1.0,GAU,{'GAU': 2602.0}
309,2602.0,1.0,T,{'T': 2602.0},,0.13663410712757165,0.4456600078647676,2006.0,0.7709454265949269,ACC,"{'ACC': 2006.0, 'ACA': 7.0, 'ACU': 589.0}"
310,2602.0,1.0,A,{'A': 2602.0},,0.13663410712757165,0.4456600078647676,1544.0,0.5933897002305919,GCC,"{'GCC': 1544.0, 'GCU': 1058.0}"
311,2602.0,1.0,I,{'I': 2602.0},,0.13663410712757165,0.4456600078647676,2602.0,1.0,AUC,{'AUC': 2602.0}
312,2602.0,1.0,A,{'A': 2602.0},,0.13663410712757165,0.4456600078647676,2602.0,1.0,GCC,{'GCC': 2602.0}
313,2602.0,1.0,S,{'S': 2602.0},,0.13663410712757165,0.4456600078647676,2602.0,1.0,AGC,{'AGC': 2602.0}
314,2602.0,1.0,I,{'I': 2602.0},,0.13663410712757165,0.4456600078647676,2599.0,0.9988470407378939,AUC,"{'AUC': 2599.0, 'AUU': 3.0}"
315,2602.0,1.0,A,{'A': 2602.0},,0.13663410712757165,0.4456600078647676,2596.0,0.9976940814757879,GCC,"{'GCC': 2596.0, 'GCU': 6.0}"
316,2602.0,1.0,K,{'K': 2602.0},,0.13663410712757165,0.4456600078647676,2602.0,1.0,AAA,{'AAA': 2602.0}
317,2602.0,1.0,R,{'R': 2602.0},,0.13663410712757165,0.4456600078647676,1751.0,0.6729438893159109,CGA,"{'CGA': 1751.0, 'CGU': 831.0, 'CGG': 20.0}"
318,2602.0,1.0,A,{'A': 2602.0},,0.13663410712757165,0.4456600078647676,2589.0,0.9950038431975403,GCA,"{'GCA': 2589.0, 'GCC': 10.0, 'GCG': 3.0}"
319,2602.0,1.0,D,{'D': 2602.0},,0.13663410712757165,0.4456600078647676,2602.0,1.0,GAU,{'GAU': 2602.0}
320,2601.0,0.9996156802459646,E,"{'K': 1.0, 'E': 2601.0}",,0.12513175876961782,0.45020962051292857,2601.0,0.9996156802459646,GAA,"{'AAA': 1.0, 'GAA': 2601.0}"
321,2602.0,1.0,V,{'V': 2602.0},,0.13663410712757165,0.4456600078647676,2602.0,1.0,GUG,{'GUG': 2602.0}
322,2599.0,0.9988470407378939,Y,"{'Y': 2599.0, 'H': 3.0}",,0.10212706205371347,0.4593279104507949,2576.0,0.9900076863950807,UAC,"{'CAC': 3.0, 'UAC': 2576.0, 'UAU': 23.0}"
323,2602.0,1.0,F,{'F': 2602.0},,0.13663410712757165,0.4456600078647676,2602.0,1.0,UUC,{'UUC': 2602.0}
324,2601.0,0.9996156802459646,L,"{'M': 1.0, 'L': 2601.0}",,0.12513175876961782,0.45020962051292857,2600.0,0.9992313604919293,CUG,"{'CUG': 2600.0, 'CUU': 1.0, 'AUG': 1.0}"
325,2602.0,1.0,K,{'K': 2602.0},,0.13663410712757165,0.4456600078647676,2602.0,1.0,AAA,{'AAA': 2602.0}
326,2597.0,0.9980784012298232,E,"{'E': 2597.0, 'D': 5.0}",,0.07912236533780913,0.4684676471559089,2597.0,0.9980784012298232,GAA,"{'GAU': 1.0, 'GAC': 4.0, 'GAA': 2597.0}"
327,2602.0,1.0,G,{'G': 2602.0},,0.13663410712757165,0.4456600078647676,2598.0,0.9984627209838586,GGU,"{'GGU': 2598.0, 'GGG': 4.0}"
328,2602.0,1.0,N,{'N': 2602.0},,0.13663410712757165,0.4456600078647676,2602.0,1.0,AAU,{'AAU': 2602.0}
329,2602.0,1.0,F,{'F': 2602.0},,0.13663410712757165,0.4456600078647676,2602.0,1.0,UUU,{'UUU': 2602.0}
330,2602.0,1.0,E,{'E': 2602.0},,0.13663410712757165,0.4456600078647676,2602.0,1.0,GAA,{'GAA': 2602.0}
331,2602.0,1.0,A,{'A': 2602.0},,0.13663410712757165,0.4456600078647676,2599.0,0.9988470407378939,GCA,"{'GCA': 2599.0, 'GCC': 3.0}"
332,2602.0,1.0,D,{'D': 2602.0},,0.13663410712757165,0.4456600078647676,2602.0,1.0,GAU,{'GAU': 2602.0}
333,2602.0,1.0,K,{'K': 2602.0},,0.13663410712757165,0.4456600078647676,2596.0,0.9976940814757879,AAA,"{'AAG': 6.0, 'AAA': 2596.0}"
334,2601.0,0.9996156802459646,N,"{'S': 1.0, 'N': 2601.0}",,0.12513175876961782,0.45020962051292857,2333.0,0.8966179861644888,AAC,"{'AAU': 268.0, 'AGC': 1.0, 'AAC': 2333.0}"
335,2602.0,1.0,T,{'T': 2602.0},,0.13663410712757165,0.4456600078647676,2061.0,0.7920830130668717,ACG,"{'ACC': 538.0, 'ACG': 2061.0, 'ACU': 3.0}"
336,2602.0,1.0,K,{'K': 2602.0},,0.13663410712757165,0.4456600078647676,2602.0,1.0,AAA,{'AAA': 2602.0}
337,2602.0,1.0,D,{'D': 2602.0},,0.13663410712757165,0.4456600078647676,2602.0,1.0,GAC,{'GAC': 2602.0}
338,2602.0,1.0,E,{'E': 2602.0},,0.13663410712757165,0.4456600078647676,2602.0,1.0,GAA,{'GAA': 2602.0}
339,2602.0,1.0,A,{'A': 2602.0},,0.13663410712757165,0.4456600078647676,2601.0,0.9996156802459646,GCG,"{'GCA': 1.0, 'GCG': 2601.0}"
340,2601.0,0.9996156802459646,L,"{'I': 1.0, 'L': 2601.0}",,0.12513175876961782,0.45020962051292857,2598.0,0.9984627209838586,UUA,"{'AUA': 1.0, 'UUG': 3.0, 'UUA': 2598.0}"
341,2602.0,1.0,L,{'L': 2602.0},,0.13663410712757165,0.4456600078647676,2599.0,0.9988470407378939,CUG,"{'CUG': 2599.0, 'CUA': 3.0}"
342,2598.0,0.9984627209838586,D,"{'Q': 3.0, 'D': 2598.0, 'N': 1.0}",,0.09062471369576296,0.4638953970212353,2595.0,0.9973097617217525,GAU,"{'AAU': 1.0, 'GAU': 2595.0, 'GAC': 3.0, 'CAA': 3.0}"
343,2602.0,1.0,M,{'M': 2602.0},,0.13663410712757165,0.4456600078647676,2602.0,1.0,AUG,{'AUG': 2602.0}
344,2602.0,1.0,T,{'T': 2602.0},,0.13663410712757165,0.4456600078647676,2602.0,1.0,ACC,{'ACC': 2602.0}
345,2602.0,1.0,A,{'A': 2602.0},,0.13663410712757165,0.4456600078647676,2596.0,0.9976940814757879,GCU,"{'GCA': 2.0, 'GCU': 2596.0, 'GCG': 4.0}"
346,2602.0,1.0,Q,{'Q': 2602.0},,0.13663410712757165,0.4456600078647676,2592.0,0.9961568024596464,CAA,"{'CAA': 2592.0, 'CAG': 10.0}"
347,2602.0,1.0,V,{'V': 2602.0},,0.13663410712757165,0.4456600078647676,2602.0,1.0,GUG,{'GUG': 2602.0}
348,2601.0,0.9996156802459646,L,"{'M': 1.0, 'L': 2601.0}",,0.12513175876961782,0.45020962051292857,2598.0,0.9984627209838586,CUG,"{'CUG': 2598.0, 'UUG': 3.0, 'AUG': 1.0}"
349,2597.0,0.9980784012298232,A,"{'A': 2597.0, 'E': 4.0, 'V': 1.0}",,0.07912236533780913,0.4684676471559089,2551.0,0.9803996925441968,GCG,"{'GCA': 46.0, 'GAG': 4.0, 'GUG': 1.0, 'GCG': 2551.0}"
350,2599.0,0.9988470407378939,Q,"{'Q': 2599.0, 'E': 3.0}",,0.10212706205371347,0.4593279104507949,2599.0,0.9988470407378939,CAA,"{'CAA': 2599.0, 'GAA': 3.0}"
351,2601.0,0.9996156802459646,E,"{'K': 1.0, 'E': 2601.0}",,0.12513175876961782,0.45020962051292857,2591.0,0.995772482705611,GAG,"{'GAG': 2591.0, 'AAG': 1.0, 'GAA': 10.0}"
352,2600.0,0.9992313604919293,H,"{'H': 2600.0, 'P': 2.0}",,0.1136294104116673,0.4547657861023571,2600.0,0.9992313604919293,CAC,"{'CAC': 2600.0, 'CCC': 2.0}"
353,2602.0,1.0,S,{'S': 2602.0},,0.13663410712757165,0.4456600078647676,2602.0,1.0,UCG,{'UCG': 2602.0}
354,2602.0,1.0,Q,{'Q': 2602.0},,0.13663410712757165,0.4456600078647676,2602.0,1.0,CAA,{'CAA': 2602.0}
355,2602.0,1.0,P,{'P': 2602.0},,0.13663410712757165,0.4456600078647676,2548.0,0.9792467332820907,CCG,"{'CCG': 2548.0, 'CCA': 54.0}"
356,2601.0,0.9996156802459646,Q,"{'Q': 2601.0, 'K': 1.0}",,0.12513175876961782,0.45020962051292857,2592.0,0.9961568024596464,CAG,"{'CAA': 9.0, 'CAG': 2592.0, 'AAG': 1.0}"
357,2602.0,1.0,L,{'L': 2602.0},,0.13663410712757165,0.4456600078647676,2578.0,0.9907763259031515,CUG,"{'CUG': 2578.0, 'UUG': 23.0, 'CUA': 1.0}"
358,2602.0,1.0,I,{'I': 2602.0},,0.13663410712757165,0.4456600078647676,2602.0,1.0,AUU,{'AUU': 2602.0}
359,2602.0,1.0,V,{'V': 2602.0},,0.13663410712757165,0.4456600078647676,2602.0,1.0,GUU,{'GUU': 2602.0}
360,2602.0,1.0,L,{'L': 2602.0},,0.13663410712757165,0.4456600078647676,1822.0,0.7002305918524212,CUA,"{'CUG': 431.0, 'UUG': 3.0, 'UUA': 346.0, 'CUA': 1822.0}"
361,2602.0,1.0,H,{'H': 2602.0},,0.13663410712757165,0.4456600078647676,2602.0,1.0,CAU,{'CAU': 2602.0}
362,2602.0,1.0,L,{'L': 2602.0},,0.13663410712757165,0.4456600078647676,2601.0,0.9996156802459646,CUG,"{'CUG': 2601.0, 'CUU': 1.0}"
363,2602.0,1.0,M,{'M': 2602.0},,0.13663410712757165,0.4456600078647676,2602.0,1.0,AUG,{'AUG': 2602.0}
364,2602.0,1.0,G,{'G': 2602.0},,0.13663410712757165,0.4456600078647676,2602.0,1.0,GGC,{'GGC': 2602.0}
365,2602.0,1.0,S,{'S': 2602.0},,0.13663410712757165,0.4456600078647676,1728.0,0.6641045349730976,UCG,"{'UCG': 1728.0, 'UCA': 874.0}"
366,2602.0,1.0,H,{'H': 2602.0},,0.13663410712757165,0.4456600078647676,2602.0,1.0,CAU,{'CAU': 2602.0}
367,2602.0,1.0,P,{'P': 2602.0},,0.13663410712757165,0.4456600078647676,2595.0,0.9973097617217525,CCG,"{'CCG': 2595.0, 'CCA': 7.0}"
368,2602.0,1.0,Q,{'Q': 2602.0},,0.13663410712757165,0.4456600078647676,2596.0,0.9976940814757879,CAG,"{'CAA': 6.0, 'CAG': 2596.0}"
369,2602.0,1.0,A,{'A': 2602.0},,0.13663410712757165,0.4456600078647676,2596.0,0.9976940814757879,GCC,"{'GCC': 2596.0, 'GCU': 6.0}"
370,2602.0,1.0,C,{'C': 2602.0},,0.13663410712757165,0.4456600078647676,2602.0,1.0,UGC,{'UGC': 2602.0}
371,2602.0,1.0,D,{'D': 2602.0},,0.13663410712757165,0.4456600078647676,2602.0,1.0,GAC,{'GAC': 2602.0}
372,2602.0,1.0,R,{'R': 2602.0},,0.13663410712757165,0.4456600078647676,1721.0,0.6614142966948501,CGG,"{'AGG': 850.0, 'CGA': 31.0, 'CGG': 1721.0}"
373,2602.0,1.0,T,{'T': 2602.0},,0.13663410712757165,0.4456600078647676,2602.0,1.0,ACA,{'ACA': 2602.0}
374,2407.0,0.9250576479631053,Q,"{'Q': 2407.0, 'K': 195.0}",,-2.1063238226731102,0.017588116671382537,2407.0,0.9250576479631053,CAA,"{'CAA': 2407.0, 'AAA': 195.0}"
375,2602.0,1.0,G,{'G': 2602.0},,0.13663410712757165,0.4456600078647676,1537.0,0.5906994619523444,GGC,"{'GGA': 1065.0, 'GGC': 1537.0}"
376,2602.0,1.0,K,{'K': 2602.0},,0.13663410712757165,0.4456600078647676,2602.0,1.0,AAA,{'AAA': 2602.0}
377,2602.0,1.0,Y,{'Y': 2602.0},,0.13663410712757165,0.4456600078647676,2599.0,0.9988470407378939,UAC,"{'UAC': 2599.0, 'UAU': 3.0}"
378,2599.0,0.9988470407378939,E,"{'A': 3.0, 'E': 2599.0}",,0.10212706205371347,0.4593279104507949,2599.0,0.9988470407378939,GAA,"{'GCA': 3.0, 'GAA': 2599.0}"
379,2599.0,0.9988470407378939,T,"{'I': 1.0, 'P': 2.0, 'T': 2599.0}",,0.10212706205371347,0.4593279104507949,2598.0,0.9984627209838586,ACC,"{'ACC': 2598.0, 'AUC': 1.0, 'CCC': 2.0, 'ACU': 1.0}"
380,2602.0,1.0,F,{'F': 2602.0},,0.13663410712757165,0.4456600078647676,2599.0,0.9988470407378939,UUU,"{'UUU': 2599.0, 'UUC': 3.0}"
381,2601.0,0.9996156802459646,V,"{'A': 1.0, 'V': 2601.0}",,0.12513175876961782,0.45020962051292857,2598.0,0.9984627209838586,GUG,"{'GUA': 3.0, 'GUG': 2598.0, 'GCG': 1.0}"
382,2602.0,1.0,Q,{'Q': 2602.0},,0.13663410712757165,0.4456600078647676,2299.0,0.8835511145272867,CAA,"{'CAA': 2299.0, 'CAG': 303.0}"
383,2602.0,1.0,S,{'S': 2602.0},,0.13663410712757165,0.4456600078647676,2410.0,0.9262106072252114,UCG,"{'UCG': 2410.0, 'UCU': 2.0, 'UCA': 190.0}"
384,2602.0,1.0,K,{'K': 2602.0},,0.13663410712757165,0.4456600078647676,2602.0,1.0,AAA,{'AAA': 2602.0}
385,2602.0,1.0,E,{'E': 2602.0},,0.13663410712757165,0.4456600078647676,2599.0,0.9988470407378939,GAA,"{'GAG': 3.0, 'GAA': 2599.0}"
386,2602.0,1.0,T,{'T': 2602.0},,0.13663410712757165,0.4456600078647676,2598.0,0.9984627209838586,ACG,"{'ACA': 4.0, 'ACG': 2598.0}"
387,2602.0,1.0,S,{'S': 2602.0},,0.13663410712757165,0.4456600078647676,2596.0,0.9976940814757879,UCG,"{'UCG': 2596.0, 'UCA': 6.0}"
388,2602.0,1.0,C,{'C': 2602.0},,0.13663410712757165,0.4456600078647676,2602.0,1.0,UGC,{'UGC': 2602.0}
389,2602.0,1.0,Y,{'Y': 2602.0},,0.13663410712757165,0.4456600078647676,2602.0,1.0,UAU,{'UAU': 2602.0}
390,2602.0,1.0,L,{'L': 2602.0},,0.13663410712757165,0.4456600078647676,2602.0,1.0,CUC,{'CUC': 2602.0}
391,2602.0,1.0,Y,{'Y': 2602.0},,0.13663410712757165,0.4456600078647676,2596.0,0.9976940814757879,UAU,"{'UAC': 6.0, 'UAU': 2596.0}"
392,2599.0,0.9988470407378939,T,"{'P': 3.0, 'T': 2599.0}",,0.10212706205371347,0.4593279104507949,2396.0,0.9208301306687163,ACC,"{'ACC': 2396.0, 'CCC': 3.0, 'ACU': 203.0}"
393,2601.0,0.9996156802459646,M,"{'I': 1.0, 'M': 2601.0}",,0.12513175876961782,0.45020962051292857,2601.0,0.9996156802459646,AUG,"{'AUU': 1.0, 'AUG': 2601.0}"
394,2602.0,1.0,T,{'T': 2602.0},,0.13663410712757165,0.4456600078647676,2598.0,0.9984627209838586,ACG,"{'ACA': 4.0, 'ACG': 2598.0}"
395,2602.0,1.0,Q,{'Q': 2602.0},,0.13663410712757165,0.4456600078647676,2602.0,1.0,CAA,{'CAA': 2602.0}
396,2602.0,1.0,T,{'T': 2602.0},,0.13663410712757165,0.4456600078647676,1487.0,0.5714834742505764,ACA,"{'ACA': 1487.0, 'ACG': 1115.0}"
397,2601.0,0.9996156802459646,D,"{'A': 1.0, 'D': 2601.0}",,0.12513175876961782,0.45020962051292857,2600.0,0.9992313604919293,GAC,"{'GAU': 1.0, 'GAC': 2600.0, 'GCC': 1.0}"
398,2207.0,0.8481936971560338,D,"{'D': 2207.0, 'N': 395.0}",,-4.406793494263555,5.245606095704155e-06,2204.0,0.8470407378939278,GAU,"{'AAU': 395.0, 'GAU': 2204.0, 'GAC': 3.0}"
399,2602.0,1.0,L,{'L': 2602.0},,0.13663410712757165,0.4456600078647676,2599.0,0.9988470407378939,UUA,"{'UUG': 3.0, 'UUA': 2599.0}"
400,2602.0,1.0,L,{'L': 2602.0},,0.13663410712757165,0.4456600078647676,2591.0,0.995772482705611,CUG,"{'CUG': 2591.0, 'UUG': 10.0, 'CUA': 1.0}"
401,2602.0,1.0,R,{'R': 2602.0},,0.13663410712757165,0.4456600078647676,2470.0,0.9492697924673328,CGC,"{'CGC': 2470.0, 'CGU': 132.0}"
402,2602.0,1.0,K,{'K': 2602.0},,0.13663410712757165,0.4456600078647676,2564.0,0.9853958493466565,AAG,"{'AAG': 2564.0, 'AAA': 38.0}"
403,2601.0,0.9996156802459646,L,"{'M': 1.0, 'L': 2601.0}",,0.12513175876961782,0.45020962051292857,2594.0,0.9969254419677172,CUG,"{'CUG': 2594.0, 'CUU': 4.0, 'CUC': 3.0, 'AUG': 1.0}"
404,2602.0,1.0,Y,{'Y': 2602.0},,0.13663410712757165,0.4456600078647676,2596.0,0.9976940814757879,UAC,"{'UAC': 2596.0, 'UAU': 6.0}"
405,2601.0,0.9996156802459646,D,"{'D': 2601.0, 'N': 1.0}",,0.12513175876961782,0.45020962051292857,2592.0,0.9961568024596464,GAU,"{'AAU': 1.0, 'GAU': 2592.0, 'GAC': 9.0}"
406,2601.0,0.9996156802459646,Q,"{'Q': 2601.0, 'K': 1.0}",,0.12513175876961782,0.45020962051292857,2588.0,0.994619523443505,CAG,"{'CAA': 13.0, 'CAG': 2588.0, 'AAG': 1.0}"
407,2602.0,1.0,L,{'L': 2602.0},,0.13663410712757165,0.4456600078647676,2602.0,1.0,UUA,{'UUA': 2602.0}
408,2600.0,0.9992313604919293,R,"{'H': 2.0, 'R': 2600.0}",,0.1136294104116673,0.4547657861023571,2600.0,0.9992313604919293,CGC,"{'CAC': 2.0, 'CGC': 2600.0}"
409,2601.0,0.9996156802459646,N,"{'K': 1.0, 'N': 2601.0}",,0.12513175876961782,0.45020962051292857,2598.0,0.9984627209838586,AAC,"{'AAU': 3.0, 'AAG': 1.0, 'AAC': 2598.0}"
410,2602.0,1.0,S,{'S': 2602.0},,0.13663410712757165,0.4456600078647676,2602.0,1.0,AGC,{'AGC': 2602.0}
411,2602.0,1.0,G,{'G': 2602.0},,0.13663410712757165,0.4456600078647676,2596.0,0.9976940814757879,GGC,"{'GGU': 6.0, 'GGC': 2596.0}"
412,2599.0,0.9988470407378939,S,"{'S': 2599.0, 'N': 3.0}",,0.10212706205371347,0.4593279104507949,2573.0,0.9888547271329746,AGC,"{'AGU': 26.0, 'AGC': 2573.0, 'AAC': 3.0}"
413,2589.0,0.9950038431975403,S,"{'S': 2589.0, 'N': 13.0}",,-0.012896421525808258,0.4948552147993347,2583.0,0.9926979246733282,AGC,"{'AGU': 6.0, 'AGC': 2583.0, 'AAC': 13.0}"
414,2602.0,1.0,F,{'F': 2602.0},,0.13663410712757165,0.4456600078647676,2602.0,1.0,UUC,{'UUC': 2602.0}
415,2602.0,1.0,S,{'S': 2602.0},,0.13663410712757165,0.4456600078647676,2372.0,0.9116064565718678,UCG,"{'UCG': 2372.0, 'UCU': 230.0}"
416,2599.0,0.9988470407378939,L,"{'M': 3.0, 'L': 2599.0}",,0.10212706205371347,0.4593279104507949,2598.0,0.9984627209838586,CUG,"{'CUG': 2598.0, 'UUG': 1.0, 'AUG': 3.0}"
417,2602.0,1.0,V,{'V': 2602.0},,0.13663410712757165,0.4456600078647676,2602.0,1.0,GUU,{'GUU': 2602.0}
418,2602.0,1.0,Y,{'Y': 2602.0},,0.13663410712757165,0.4456600078647676,2602.0,1.0,UAC,{'UAC': 2602.0}
419,2602.0,1.0,F,{'F': 2602.0},,0.13663410712757165,0.4456600078647676,2602.0,1.0,UUU,{'UUU': 2602.0}
420,2599.0,0.9988470407378939,S,"{'A': 3.0, 'S': 2599.0}",,0.10212706205371347,0.4593279104507949,1885.0,0.7244427363566487,UCU,"{'UCU': 1885.0, 'UCC': 714.0, 'GCG': 3.0}"
421,2602.0,1.0,D,{'D': 2602.0},,0.13663410712757165,0.4456600078647676,2600.0,0.9992313604919293,GAC,"{'GAU': 2.0, 'GAC': 2600.0}"
422,2602.0,1.0,H,{'H': 2602.0},,0.13663410712757165,0.4456600078647676,2602.0,1.0,CAC,{'CAC': 2602.0}
423,2602.0,1.0,G,{'G': 2602.0},,0.13663410712757165,0.4456600078647676,2601.0,0.9996156802459646,GGU,"{'GGU': 2601.0, 'GGG': 1.0}"
424,2602.0,1.0,L,{'L': 2602.0},,0.13663410712757165,0.4456600078647676,2602.0,1.0,CUG,{'CUG': 2602.0}
425,2601.0,0.9996156802459646,A,"{'A': 2601.0, 'T': 1.0}",,0.12513175876961782,0.45020962051292857,2388.0,0.9177555726364335,GCC,"{'ACC': 1.0, 'GCC': 2388.0, 'GCU': 213.0}"
426,2602.0,1.0,F,{'F': 2602.0},,0.13663410712757165,0.4456600078647676,2602.0,1.0,UUU,{'UUU': 2602.0}
427,2602.0,1.0,K,{'K': 2602.0},,0.13663410712757165,0.4456600078647676,2599.0,0.9988470407378939,AAA,"{'AAG': 3.0, 'AAA': 2599.0}"
428,2602.0,1.0,E,{'E': 2602.0},,0.13663410712757165,0.4456600078647676,2593.0,0.9965411222136817,GAG,"{'GAG': 2593.0, 'GAA': 9.0}"
429,2601.0,0.9996156802459646,R,"{'C': 1.0, 'R': 2601.0}",,0.12513175876961782,0.45020962051292857,2587.0,0.9942352036894696,CGC,"{'UGC': 1.0, 'CGC': 2587.0, 'CGU': 14.0}"
430,2597.0,0.9980784012298232,G,"{'D': 5.0, 'G': 2597.0}",,0.07912236533780913,0.4684676471559089,2332.0,0.8962336664104535,GGC,"{'GGU': 265.0, 'GAC': 5.0, 'GGC': 2332.0}"
431,2602.0,1.0,K,{'K': 2602.0},,0.13663410712757165,0.4456600078647676,2602.0,1.0,AAA,{'AAA': 2602.0}
432,2595.0,0.9973097617217525,D,"{'E': 6.0, 'D': 2595.0, 'N': 1.0}",,0.05611766862190478,0.4776240342965043,2595.0,0.9973097617217525,GAC,"{'GAC': 2595.0, 'AAC': 1.0, 'GAA': 6.0}"
433,2602.0,1.0,V,{'V': 2602.0},,0.13663410712757165,0.4456600078647676,2599.0,0.9988470407378939,GUG,"{'GUC': 3.0, 'GUG': 2599.0}"
434,2602.0,1.0,Q,{'Q': 2602.0},,0.13663410712757165,0.4456600078647676,2599.0,0.9988470407378939,CAA,"{'CAA': 2599.0, 'CAG': 3.0}"
435,2602.0,1.0,Y,{'Y': 2602.0},,0.13663410712757165,0.4456600078647676,2595.0,0.9973097617217525,UAC,"{'UAC': 2595.0, 'UAU': 7.0}"
436,2602.0,1.0,L,{'L': 2602.0},,0.13663410712757165,0.4456600078647676,2595.0,0.9973097617217525,CUU,"{'CUG': 6.0, 'CUU': 2595.0, 'CUA': 1.0}"
437,2602.0,1.0,A,{'A': 2602.0},,0.13663410712757165,0.4456600078647676,2105.0,0.8089930822444273,GCC,"{'GCC': 2105.0, 'GCU': 497.0}"
438,2602.0,1.0,H,{'H': 2602.0},,0.13663410712757165,0.4456600078647676,2599.0,0.9988470407378939,CAU,"{'CAC': 3.0, 'CAU': 2599.0}"
439,2602.0,1.0,D,{'D': 2602.0},,0.13663410712757165,0.4456600078647676,2596.0,0.9976940814757879,GAU,"{'GAU': 2596.0, 'GAC': 6.0}"
440,2602.0,1.0,D,{'D': 2602.0},,0.13663410712757165,0.4456600078647676,2602.0,1.0,GAU,{'GAU': 2602.0}
441,2602.0,1.0,K,{'K': 2602.0},,0.13663410712757165,0.4456600078647676,1958.0,0.7524980784012298,AAG,"{'AAG': 1958.0, 'AAA': 644.0}"
442,2602.0,1.0,Y,{'Y': 2602.0},,0.13663410712757165,0.4456600078647676,2602.0,1.0,UAU,{'UAU': 2602.0}
443,2601.0,0.9996156802459646,Q,"{'Q': 2601.0, 'K': 1.0}",,0.12513175876961782,0.45020962051292857,2601.0,0.9996156802459646,CAG,"{'AAG': 1.0, 'CAG': 2601.0}"
444,2602.0,1.0,Q,{'Q': 2602.0},,0.13663410712757165,0.4456600078647676,2538.0,0.9754035357417371,CAA,"{'CAA': 2538.0, 'CAG': 64.0}"
445,2602.0,1.0,N,{'N': 2602.0},,0.13663410712757165,0.4456600078647676,2602.0,1.0,AAU,{'AAU': 2602.0}
446,2602.0,1.0,F,{'F': 2602.0},,0.13663410712757165,0.4456600078647676,2602.0,1.0,UUC,{'UUC': 2602.0}
447,2601.0,0.9996156802459646,Q,"{'Q': 2601.0, 'L': 1.0}",,0.12513175876961782,0.45020962051292857,2601.0,0.9996156802459646,CAG,"{'CUG': 1.0, 'CAG': 2601.0}"
448,2602.0,1.0,V,{'V': 2602.0},,0.13663410712757165,0.4456600078647676,2599.0,0.9988470407378939,GUG,"{'GUA': 3.0, 'GUG': 2599.0}"
449,2602.0,1.0,P,{'P': 2602.0},,0.13663410712757165,0.4456600078647676,2602.0,1.0,CCU,{'CCU': 2602.0}
450,2602.0,1.0,F,{'F': 2602.0},,0.13663410712757165,0.4456600078647676,2602.0,1.0,UUU,{'UUU': 2602.0}
451,2602.0,1.0,M,{'M': 2602.0},,0.13663410712757165,0.4456600078647676,2602.0,1.0,AUG,{'AUG': 2602.0}
452,2602.0,1.0,V,{'V': 2602.0},,0.13663410712757165,0.4456600078647676,2602.0,1.0,GUC,{'GUC': 2602.0}
453,2602.0,1.0,I,{'I': 2602.0},,0.13663410712757165,0.4456600078647676,2602.0,1.0,AUU,{'AUU': 2602.0}
454,2602.0,1.0,S,{'S': 2602.0},,0.13663410712757165,0.4456600078647676,2438.0,0.9369715603382014,UCC,"{'UCG': 161.0, 'UCC': 2438.0, 'UCA': 3.0}"
455,2602.0,1.0,S,{'S': 2602.0},,0.13663410712757165,0.4456600078647676,2602.0,1.0,AGC,{'AGC': 2602.0}
456,2583.0,0.9926979246733282,D,"{'D': 2583.0, 'G': 19.0}",,-0.0819105116735213,0.46735893771198417,2583.0,0.9926979246733282,GAC,"{'GAC': 2583.0, 'GGC': 19.0}"
457,2602.0,1.0,D,{'D': 2602.0},,0.13663410712757165,0.4456600078647676,2602.0,1.0,GAU,{'GAU': 2602.0}
458,2602.0,1.0,K,{'K': 2602.0},,0.13663410712757165,0.4456600078647676,2602.0,1.0,AAA,{'AAA': 2602.0}
459,2602.0,1.0,A,{'A': 2602.0},,0.13663410712757165,0.4456600078647676,2600.0,0.9992313604919293,GCG,"{'GCA': 2.0, 'GCG': 2600.0}"
460,2602.0,1.0,H,{'H': 2602.0},,0.13663410712757165,0.4456600078647676,2599.0,0.9988470407378939,CAU,"{'CAC': 3.0, 'CAU': 2599.0}"
461,2602.0,1.0,R,{'R': 2602.0},,0.13663410712757165,0.4456600078647676,2332.0,0.8962336664104535,CGG,"{'CGU': 270.0, 'CGG': 2332.0}"
462,2599.0,0.9988470407378939,V,"{'I': 3.0, 'V': 2599.0}",,0.10212706205371347,0.4593279104507949,2594.0,0.9969254419677172,GUG,"{'AUA': 3.0, 'GUA': 5.0, 'GUG': 2594.0}"
463,2602.0,1.0,I,{'I': 2602.0},,0.13663410712757165,0.4456600078647676,2602.0,1.0,AUU,{'AUU': 2602.0}
464,2602.0,1.0,K,{'K': 2602.0},,0.13663410712757165,0.4456600078647676,2602.0,1.0,AAA,{'AAA': 2602.0}
465,2601.0,0.9996156802459646,A,"{'A': 2601.0, 'T': 1.0}",,0.12513175876961782,0.45020962051292857,2598.0,0.9984627209838586,GCC,"{'GCA': 3.0, 'ACC': 1.0, 'GCC': 2598.0}"
466,2602.0,1.0,R,{'R': 2602.0},,0.13663410712757165,0.4456600078647676,2602.0,1.0,CGC,{'CGC': 2602.0}
467,2602.0,1.0,R,{'R': 2602.0},,0.13663410712757165,0.4456600078647676,2593.0,0.9965411222136817,CGC,"{'CGC': 2593.0, 'CGU': 9.0}"
468,2602.0,1.0,S,{'S': 2602.0},,0.13663410712757165,0.4456600078647676,1245.0,0.47847809377402,UCA,"{'UCG': 1175.0, 'UCU': 182.0, 'UCA': 1245.0}"
469,2602.0,1.0,A,{'A': 2602.0},,0.13663410712757165,0.4456600078647676,2583.0,0.9926979246733282,GCC,"{'GCC': 2583.0, 'GCG': 19.0}"
470,2602.0,1.0,N,{'N': 2602.0},,0.13663410712757165,0.4456600078647676,2602.0,1.0,AAU,{'AAU': 2602.0}
471,2602.0,1.0,D,{'D': 2602.0},,0.13663410712757165,0.4456600078647676,2602.0,1.0,GAC,{'GAC': 2602.0}
472,2602.0,1.0,F,{'F': 2602.0},,0.13663410712757165,0.4456600078647676,2599.0,0.9988470407378939,UUC,"{'UUU': 3.0, 'UUC': 2599.0}"
473,2602.0,1.0,L,{'L': 2602.0},,0.13663410712757165,0.4456600078647676,2602.0,1.0,UUA,{'UUA': 2602.0}
474,2602.0,1.0,G,{'G': 2602.0},,0.13663410712757165,0.4456600078647676,2250.0,0.8647194465795542,GGC,"{'GGU': 351.0, 'GGA': 1.0, 'GGC': 2250.0}"
475,2602.0,1.0,F,{'F': 2602.0},,0.13663410712757165,0.4456600078647676,2602.0,1.0,UUU,{'UUU': 2602.0}
476,2596.0,0.9976940814757879,F,"{'S': 6.0, 'F': 2596.0}",,0.06762001697985862,0.47304406031164603,2596.0,0.9976940814757879,UUC,"{'UCU': 6.0, 'UUC': 2596.0}"
477,2595.0,0.9973097617217525,S,"{'Y': 1.0, 'P': 6.0, 'S': 2595.0}",,0.05611766862190478,0.4776240342965043,1824.0,0.7009992313604919,UCG,"{'UCG': 1824.0, 'UCU': 3.0, 'UCC': 765.0, 'UCA': 3.0, 'UAC': 1.0, 'CCC': 6.0}"
478,2596.0,0.9976940814757879,Q,"{'Q': 2596.0, 'S': 6.0}",,0.06762001697985862,0.47304406031164603,2589.0,0.9950038431975403,CAG,"{'AGU': 6.0, 'CAG': 2589.0, 'CAA': 7.0}"
479,2596.0,0.9976940814757879,W,"{'G': 6.0, 'W': 2596.0}",,0.06762001697985862,0.47304406031164603,2596.0,0.9976940814757879,UGG,"{'GGA': 6.0, 'UGG': 2596.0}"
480,2596.0,0.9976940814757879,T,"{'R': 6.0, 'T': 2596.0}",,0.06762001697985862,0.47304406031164603,2593.0,0.9965411222136817,ACG,"{'ACA': 3.0, 'ACG': 2593.0, 'CGG': 6.0}"
481,2596.0,0.9976940814757879,G,"{'E': 6.0, 'G': 2596.0}",,0.06762001697985862,0.47304406031164603,2335.0,0.8973866256725596,GGA,"{'GGG': 261.0, 'GGA': 2335.0, 'GAA': 6.0}"
482,2596.0,0.9976940814757879,I,"{'I': 2596.0, 'L': 6.0}",,0.06762001697985862,0.47304406031164603,2593.0,0.9965411222136817,AUU,"{'AUA': 3.0, 'UUA': 6.0, 'AUU': 2593.0}"
483,2602.0,1.0,K,{'K': 2602.0},,0.13663410712757165,0.4456600078647676,2596.0,0.9976940814757879,AAA,"{'AAG': 6.0, 'AAA': 2596.0}"
484,2596.0,0.9976940814757879,A,"{'A': 2596.0, 'R': 6.0}",,0.06762001697985862,0.47304406031164603,2596.0,0.9976940814757879,GCG,"{'CGA': 6.0, 'GCG': 2596.0}"
485,2595.0,0.9973097617217525,K,"{'K': 2595.0, 'R': 7.0}",,0.05611766862190478,0.4776240342965043,2595.0,0.9973097617217525,AAG,"{'AGG': 7.0, 'AAG': 2595.0}"
486,2596.0,0.9976940814757879,E,"{'K': 6.0, 'E': 2596.0}",,0.06762001697985862,0.47304406031164603,2593.0,0.9965411222136817,GAA,"{'GAG': 3.0, 'AAA': 6.0, 'GAA': 2593.0}"
487,2596.0,0.9976940814757879,I,"{'I': 2596.0, 'L': 6.0}",,0.06762001697985862,0.47304406031164603,1456.0,0.5595695618754803,AUA,"{'AUA': 1456.0, 'UUA': 6.0, 'AUC': 3.0, 'AUU': 1137.0}"
488,2592.0,0.9961568024596464,N,"{'I': 1.0, 'S': 2.0, 'T': 6.0, 'D': 1.0, 'N': 2592.0}",,0.02161062354804992,0.4913792795728439,1455.0,0.559185242121445,AAU,"{'AAU': 1455.0, 'ACA': 6.0, 'AAC': 1137.0, 'GAU': 1.0, 'AGC': 2.0, 'AUC': 1.0}"
489,2593.0,0.9965411222136817,I,"{'I': 2593.0, 'S': 6.0, 'L': 3.0}",,0.03311297190600043,0.4867922491690699,2593.0,0.9965411222136817,AUC,"{'AUC': 2593.0, 'CUC': 3.0, 'UCA': 6.0}"
490,2593.0,0.9965411222136817,K,"{'K': 2593.0, 'N': 9.0}",,0.03311297190600043,0.4867922491690699,2593.0,0.9965411222136817,AAA,"{'AAU': 9.0, 'AAA': 2593.0}"
491,2593.0,0.9965411222136817,Y,"{'Y': 2593.0, 'S': 3.0, 'T': 6.0}",,0.03311297190600043,0.4867922491690699,2593.0,0.9965411222136817,UAC,"{'ACC': 6.0, 'UAC': 2593.0, 'UCC': 3.0}"
492,2595.0,0.9973097617217525,P,"{'P': 2595.0, 'R': 6.0, 'L': 1.0}",,0.05611766862190478,0.4776240342965043,2595.0,0.9973097617217525,CCG,"{'CUG': 1.0, 'CCG': 2595.0, 'CGU': 6.0}"
493,2596.0,0.9976940814757879,F,"{'L': 6.0, 'F': 2596.0}",,0.06762001697985862,0.47304406031164603,2596.0,0.9976940814757879,UUU,"{'UUU': 2596.0, 'UUA': 6.0}"
494,2596.0,0.9976940814757879,I,"{'I': 2596.0, 'Y': 6.0}",,0.06762001697985862,0.47304406031164603,2485.0,0.9550345887778632,AUA,"{'AUA': 2485.0, 'UAU': 6.0, 'AUC': 4.0, 'AUU': 107.0}"
495,2596.0,0.9976940814757879,S,"{'S': 2596.0, 'L': 6.0}",,0.06762001697985862,0.47304406031164603,2596.0,0.9976940814757879,UCU,"{'CUG': 6.0, 'UCU': 2596.0}"
496,2596.0,0.9976940814757879,E,"{'R': 6.0, 'E': 2596.0}",,0.06762001697985862,0.47304406031164603,2268.0,0.8716372021521906,GAG,"{'GAG': 2268.0, 'AGA': 6.0, 'GAA': 328.0}"
497,2596.0,0.9976940814757879,K,"{'K': 2596.0, 'R': 6.0}",,0.06762001697985862,0.47304406031164603,2596.0,0.9976940814757879,AAG,"{'AAG': 2596.0, 'AGA': 6.0}"
498,2600.0,0.9992313604919293,K,"{'K': 2600.0, 'E': 2.0}",,0.1136294104116673,0.4547657861023571,2594.0,0.9969254419677172,AAA,"{'AAG': 6.0, 'AAA': 2594.0, 'GAA': 2.0}"
499,2593.0,0.9965411222136817,A,"{'A': 2593.0, 'P': 6.0, 'S': 1.0, 'V': 2.0}",,0.03311297190600043,0.4867922491690699,2590.0,0.9953881629515757,GCC,"{'GUC': 2.0, 'GCA': 2.0, 'GCC': 2590.0, 'UCC': 1.0, 'GCU': 1.0, 'CCG': 6.0}"
500,2600.0,0.9992313604919293,G,"{'R': 1.0, 'G': 2600.0, 'V': 1.0}",,0.1136294104116673,0.4547657861023571,2594.0,0.9969254419677172,GGG,"{'GGU': 6.0, 'AGG': 1.0, 'GGG': 2594.0, 'GUG': 1.0}"
501,2307.0,0.8866256725595696,P,"{'P': 2307.0, 'S': 289.0, 'R': 6.0}",,-3.256558658468331,0.0005638581331509802,2303.0,0.8850883935434282,CCG,"{'UCG': 289.0, 'CGA': 6.0, 'CCG': 2303.0, 'CCA': 3.0, 'CCU': 1.0}"
502,2593.0,0.9965411222136817,I,"{'I': 2593.0, 'M': 1.0, '-': 6.0, 'V': 2.0}",,0.03311297190600043,0.4867922491690699,2593.0,0.9965411222136817,AUA,"{'AUA': 2593.0, 'GUA': 2.0, '-': 6.0, 'AUG': 1.0}"
503,2602.0,1.0,Y,{'Y': 2602.0},,0.13663410712757165,0.4456600078647676,2596.0,0.9976940814757879,UAC,"{'UAC': 2596.0, 'UAU': 6.0}"
504,2596.0,0.9976940814757879,I,"{'I': 2596.0, 'T': 6.0}",,0.06762001697985862,0.47304406031164603,2596.0,0.9976940814757879,AUC,"{'AUC': 2596.0, 'ACA': 6.0}"
505,2596.0,0.9976940814757879,T,"{'S': 6.0, 'T': 2596.0}",,0.06762001697985862,0.47304406031164603,2590.0,0.9953881629515757,ACC,"{'ACC': 2590.0, 'ACA': 3.0, 'ACU': 3.0, 'UCA': 6.0}"
506,2596.0,0.9976940814757879,N,"{'P': 6.0, 'N': 2596.0}",,0.06762001697985862,0.47304406031164603,2596.0,0.9976940814757879,AAC,"{'CCA': 6.0, 'AAC': 2596.0}"
507,2596.0,0.9976940814757879,F,"{'T': 6.0, 'F': 2596.0}",,0.06762001697985862,0.47304406031164603,2596.0,0.9976940814757879,UUC,"{'ACU': 6.0, 'UUC': 2596.0}"
508,2596.0,0.9976940814757879,Q,"{'Q': 2596.0, 'S': 6.0}",,0.06762001697985862,0.47304406031164603,2596.0,0.9976940814757879,CAG,"{'UCC': 6.0, 'CAG': 2596.0}"
509,2596.0,0.9976940814757879,L,"{'S': 6.0, 'L': 2596.0}",,0.06762001697985862,0.47304406031164603,2596.0,0.9976940814757879,UUA,"{'AGU': 6.0, 'UUA': 2596.0}"
510,2596.0,0.9976940814757879,Q,"{'Q': 2596.0, 'Y': 6.0}",,0.06762001697985862,0.47304406031164603,2596.0,0.9976940814757879,CAG,"{'UAC': 6.0, 'CAG': 2596.0}"
511,2596.0,0.9976940814757879,K,"{'K': 2596.0, 'R': 6.0}",,0.06762001697985862,0.47304406031164603,2596.0,0.9976940814757879,AAG,"{'AAG': 2596.0, 'AGA': 6.0}"
512,2596.0,0.9976940814757879,V,"{'R': 6.0, 'V': 2596.0}",,0.06762001697985862,0.47304406031164603,2551.0,0.9803996925441968,GUG,"{'AGG': 6.0, 'GUA': 45.0, 'GUG': 2551.0}"
513,2596.0,0.9976940814757879,D,"{'D': 2596.0, 'W': 6.0}",,0.06762001697985862,0.47304406031164603,2596.0,0.9976940814757879,GAU,"{'GAU': 2596.0, 'UGG': 6.0}"
514,2596.0,0.9976940814757879,Y,"{'Y': 2596.0, 'I': 6.0}",,0.06762001697985862,0.47304406031164603,2596.0,0.9976940814757879,UAC,"{'UAC': 2596.0, 'AUU': 6.0}"
515,2596.0,0.9976940814757879,N,"{'T': 6.0, 'N': 2596.0}",,0.06762001697985862,0.47304406031164603,2596.0,0.9976940814757879,AAC,"{'ACA': 6.0, 'AAC': 2596.0}"
516,2596.0,0.9976940814757879,H,"{'H': 2596.0, 'T': 6.0}",,0.06762001697985862,0.47304406031164603,2596.0,0.9976940814757879,CAU,"{'ACC': 6.0, 'CAU': 2596.0}"
517,2595.0,0.9973097617217525,L,"{'I': 6.0, 'YUC': 1.0, 'L': 2595.0}",,0.05611766862190478,0.4776240342965043,2579.0,0.9911606456571868,CUC,"{'CUU': 16.0, 'CUC': 2579.0, 'AUC': 6.0, 'YUC': 1.0}"
518,2596.0,0.9976940814757879,G,"{'S': 6.0, 'G': 2596.0}",,0.06762001697985862,0.47304406031164603,2596.0,0.9976940814757879,GGA,"{'UCG': 6.0, 'GGA': 2596.0}"
519,2596.0,0.9976940814757879,T,"{'E': 6.0, 'T': 2596.0}",,0.06762001697985862,0.47304406031164603,2596.0,0.9976940814757879,ACC,"{'ACC': 2596.0, 'GAA': 6.0}"
520,2596.0,0.9976940814757879,D,"{'P': 6.0, 'D': 2596.0}",,0.06762001697985862,0.47304406031164603,2596.0,0.9976940814757879,GAU,"{'GAU': 2596.0, 'CCG': 6.0}"
521,2404.0,0.9239046887009992,I,"{'I': 2404.0, 'S': 3.0, 'N': 195.0}",,-2.1408308677469687,0.016143839872702733,2392.0,0.9192928516525749,AUU,"{'AAU': 195.0, 'AUA': 12.0, 'AGU': 3.0, 'AUU': 2392.0}"
522,2602.0,1.0,F,{'F': 2602.0},,0.13663410712757165,0.4456600078647676,2596.0,0.9976940814757879,UUC,"{'UUU': 6.0, 'UUC': 2596.0}"
523,2596.0,0.9976940814757879,D,"{'S': 6.0, 'D': 2596.0}",,0.06762001697985862,0.47304406031164603,2590.0,0.9953881629515757,GAC,"{'UCG': 6.0, 'GAU': 6.0, 'GAC': 2590.0}"
524,2596.0,0.9976940814757879,P,"{'P': 2596.0, 'T': 6.0}",,0.06762001697985862,0.47304406031164603,2590.0,0.9953881629515757,CCG,"{'ACC': 6.0, 'CCG': 2590.0, 'CCC': 6.0}"
525,2596.0,0.9976940814757879,K,"{'K': 2596.0, 'R': 6.0}",,0.06762001697985862,0.47304406031164603,2102.0,0.8078401229823213,AAA,"{'CGA': 6.0, 'AAG': 494.0, 'AAA': 2102.0}"
526,2589.0,0.9950038431975403,P,"{'P': 2589.0, 'S': 12.0, 'H': 1.0}",,-0.012896421525808258,0.4948552147993347,2589.0,0.9950038431975403,CCU,"{'CCU': 2589.0, 'UCU': 6.0, 'AGC': 6.0, 'CAU': 1.0}"
527,2593.0,0.9976914197768373,*,"{'*': 2593.0, 'L': 6.0}",,0.06754035469804226,0.4730757684743905,2593.0,0.9976914197768373,UAA,"{'UAA': 2593.0, 'CUU': 6.0}"
