,consensus_strains,consensus_strains_normalized,consensus_AAseq,consensus_AAseq_details,index_dels_fixed,zscore,p_value,consensus_strains_codon,consensus_strains_normalized_codon,consensus_codon_seq,consensus_codon_seq_details
0,2617.0,1.0,M,{'M': 2617.0},,0.11559842542316726,0.4539854054356952,2617.0,1.0,AUG,{'AUG': 2617.0}
1,2617.0,1.0,S,{'S': 2617.0},,0.11559842542316726,0.4539854054356952,2617.0,1.0,AGC,{'AGC': 2617.0}
2,2617.0,1.0,K,{'K': 2617.0},,0.11559842542316726,0.4539854054356952,2617.0,1.0,AAG,{'AAG': 2617.0}
3,2617.0,1.0,S,{'S': 2617.0},,0.11559842542316726,0.4539854054356952,2617.0,1.0,AGC,{'AGC': 2617.0}
4,2617.0,1.0,T,{'T': 2617.0},,0.11559842542316726,0.4539854054356952,2617.0,1.0,ACC,{'ACC': 2617.0}
5,2617.0,1.0,A,{'A': 2617.0},,0.11559842542316726,0.4539854054356952,2617.0,1.0,GCU,{'GCU': 2617.0}
6,2617.0,1.0,E,{'E': 2617.0},,0.11559842542316726,0.4539854054356952,2617.0,1.0,GAG,{'GAG': 2617.0}
7,2617.0,1.0,I,{'I': 2617.0},,0.11559842542316726,0.4539854054356952,2617.0,1.0,AUC,{'AUC': 2617.0}
8,2617.0,1.0,R,{'R': 2617.0},,0.11559842542316726,0.4539854054356952,2617.0,1.0,CGU,{'CGU': 2617.0}
9,2617.0,1.0,Q,{'Q': 2617.0},,0.11559842542316726,0.4539854054356952,2617.0,1.0,CAG,{'CAG': 2617.0}
10,2617.0,1.0,A,{'A': 2617.0},,0.11559842542316726,0.4539854054356952,2617.0,1.0,GCG,{'GCG': 2617.0}
11,2617.0,1.0,F,{'F': 2617.0},,0.11559842542316726,0.4539854054356952,2617.0,1.0,UUU,{'UUU': 2617.0}
12,2617.0,1.0,L,{'L': 2617.0},,0.11559842542316726,0.4539854054356952,2617.0,1.0,CUC,{'CUC': 2617.0}
13,2617.0,1.0,D,{'D': 2617.0},,0.11559842542316726,0.4539854054356952,2617.0,1.0,GAC,{'GAC': 2617.0}
14,2617.0,1.0,F,{'F': 2617.0},,0.11559842542316726,0.4539854054356952,2617.0,1.0,UUU,{'UUU': 2617.0}
15,2617.0,1.0,F,{'F': 2617.0},,0.11559842542316726,0.4539854054356952,2617.0,1.0,UUC,{'UUC': 2617.0}
16,2617.0,1.0,H,{'H': 2617.0},,0.11559842542316726,0.4539854054356952,2614.0,0.9988536492166603,CAU,"{'CAC': 3.0, 'CAU': 2614.0}"
17,2617.0,1.0,S,{'S': 2617.0},,0.11559842542316726,0.4539854054356952,2615.0,0.9992357661444402,AGU,"{'AGU': 2615.0, 'AGC': 2.0}"
18,2617.0,1.0,K,{'K': 2617.0},,0.11559842542316726,0.4539854054356952,2617.0,1.0,AAG,{'AAG': 2617.0}
19,2617.0,1.0,G,{'G': 2617.0},,0.11559842542316726,0.4539854054356952,2614.0,0.9988536492166603,GGA,"{'GGG': 3.0, 'GGA': 2614.0}"
20,2617.0,1.0,H,{'H': 2617.0},,0.11559842542316726,0.4539854054356952,2617.0,1.0,CAU,{'CAU': 2617.0}
21,2617.0,1.0,Q,{'Q': 2617.0},,0.11559842542316726,0.4539854054356952,2617.0,1.0,CAG,{'CAG': 2617.0}
22,2617.0,1.0,V,{'V': 2617.0},,0.11559842542316726,0.4539854054356952,2617.0,1.0,GUA,{'GUA': 2617.0}
23,2616.0,0.9996178830722201,V,"{'G': 1.0, 'V': 2616.0}",,0.09185755081473898,0.4634056091777205,2616.0,0.9996178830722201,GUU,"{'GGU': 1.0, 'GUU': 2616.0}"
24,2617.0,1.0,A,{'A': 2617.0},,0.11559842542316726,0.4539854054356952,2616.0,0.9996178830722201,GCC,"{'GCC': 2616.0, 'GCU': 1.0}"
25,2617.0,1.0,S,{'S': 2617.0},,0.11559842542316726,0.4539854054356952,2616.0,0.9996178830722201,AGC,"{'AGU': 1.0, 'AGC': 2616.0}"
26,2617.0,1.0,S,{'S': 2617.0},,0.11559842542316726,0.4539854054356952,2614.0,0.9988536492166603,AGC,"{'AGU': 3.0, 'AGC': 2614.0}"
27,2617.0,1.0,S,{'S': 2617.0},,0.11559842542316726,0.4539854054356952,2617.0,1.0,UCC,{'UCC': 2617.0}
28,2617.0,1.0,L,{'L': 2617.0},,0.11559842542316726,0.4539854054356952,2611.0,0.9977072984333206,CUG,"{'CUG': 2611.0, 'UUG': 3.0, 'CUA': 3.0}"
29,2616.0,0.9996178830722201,V,"{'L': 1.0, 'V': 2616.0}",,0.09185755081473898,0.4634056091777205,2608.0,0.9965609476499809,GUA,"{'GUC': 1.0, 'GUA': 2608.0, 'GUG': 2.0, 'CUA': 1.0, 'GUU': 5.0}"
30,2617.0,1.0,P,{'P': 2617.0},,0.11559842542316726,0.4539854054356952,2615.0,0.9992357661444402,CCC,"{'CCG': 2.0, 'CCC': 2615.0}"
31,2617.0,1.0,H,{'H': 2617.0},,0.11559842542316726,0.4539854054356952,2615.0,0.9992357661444402,CAU,"{'CAC': 2.0, 'CAU': 2615.0}"
32,2617.0,1.0,N,{'N': 2617.0},,0.11559842542316726,0.4539854054356952,2613.0,0.9984715322888804,AAC,"{'AAU': 4.0, 'AAC': 2613.0}"
33,2617.0,1.0,D,{'D': 2617.0},,0.11559842542316726,0.4539854054356952,2613.0,0.9984715322888804,GAC,"{'GAU': 4.0, 'GAC': 2613.0}"
34,2617.0,1.0,P,{'P': 2617.0},,0.11559842542316726,0.4539854054356952,2615.0,0.9992357661444402,CCA,"{'CCG': 2.0, 'CCA': 2615.0}"
35,2617.0,1.0,T,{'T': 2617.0},,0.11559842542316726,0.4539854054356952,2615.0,0.9992357661444402,ACU,"{'ACC': 2.0, 'ACU': 2615.0}"
36,2617.0,1.0,L,{'L': 2617.0},,0.11559842542316726,0.4539854054356952,2173.0,0.8303400840657241,UUG,"{'CUG': 444.0, 'UUG': 2173.0}"
37,2617.0,1.0,L,{'L': 2617.0},,0.11559842542316726,0.4539854054356952,2615.0,0.9992357661444402,UUG,"{'CUG': 2.0, 'UUG': 2615.0}"
38,2617.0,1.0,F,{'F': 2617.0},,0.11559842542316726,0.4539854054356952,2617.0,1.0,UUU,{'UUU': 2617.0}
39,2617.0,1.0,T,{'T': 2617.0},,0.11559842542316726,0.4539854054356952,2617.0,1.0,ACC,{'ACC': 2617.0}
40,2617.0,1.0,N,{'N': 2617.0},,0.11559842542316726,0.4539854054356952,2615.0,0.9992357661444402,AAC,"{'AAU': 2.0, 'AAC': 2615.0}"
41,2617.0,1.0,A,{'A': 2617.0},,0.11559842542316726,0.4539854054356952,2615.0,0.9992357661444402,GCC,"{'GCA': 2.0, 'GCC': 2615.0}"
42,2617.0,1.0,G,{'G': 2617.0},,0.11559842542316726,0.4539854054356952,2617.0,1.0,GGG,{'GGG': 2617.0}
43,2617.0,1.0,M,{'M': 2617.0},,0.11559842542316726,0.4539854054356952,2617.0,1.0,AUG,{'AUG': 2617.0}
44,2617.0,1.0,N,{'N': 2617.0},,0.11559842542316726,0.4539854054356952,2608.0,0.9965609476499809,AAC,"{'AAU': 9.0, 'AAC': 2608.0}"
45,2617.0,1.0,Q,{'Q': 2617.0},,0.11559842542316726,0.4539854054356952,2617.0,1.0,CAG,{'CAG': 2617.0}
46,2617.0,1.0,F,{'F': 2617.0},,0.11559842542316726,0.4539854054356952,2617.0,1.0,UUC,{'UUC': 2617.0}
47,2617.0,1.0,K,{'K': 2617.0},,0.11559842542316726,0.4539854054356952,2617.0,1.0,AAG,{'AAG': 2617.0}
48,2617.0,1.0,D,{'D': 2617.0},,0.11559842542316726,0.4539854054356952,2617.0,1.0,GAU,{'GAU': 2617.0}
49,2617.0,1.0,V,{'V': 2617.0},,0.11559842542316726,0.4539854054356952,2602.0,0.9942682460833014,GUG,"{'GUC': 2.0, 'GUA': 13.0, 'GUG': 2602.0}"
50,2617.0,1.0,F,{'F': 2617.0},,0.11559842542316726,0.4539854054356952,2617.0,1.0,UUC,{'UUC': 2617.0}
51,2617.0,1.0,L,{'L': 2617.0},,0.11559842542316726,0.4539854054356952,2617.0,1.0,CUU,{'CUU': 2617.0}
52,2617.0,1.0,G,{'G': 2617.0},,0.11559842542316726,0.4539854054356952,2613.0,0.9984715322888804,GGG,"{'GGU': 2.0, 'GGG': 2613.0, 'GGA': 2.0}"
53,2617.0,1.0,L,{'L': 2617.0},,0.11559842542316726,0.4539854054356952,2617.0,1.0,CUC,{'CUC': 2617.0}
54,2616.0,0.9996178830722201,D,"{'Y': 1.0, 'D': 2616.0}",,0.09185755081473898,0.4634056091777205,2616.0,0.9996178830722201,GAC,"{'UAC': 1.0, 'GAC': 2616.0}"
55,2617.0,1.0,K,{'K': 2617.0},,0.11559842542316726,0.4539854054356952,2615.0,0.9992357661444402,AAG,"{'AAG': 2615.0, 'AAA': 2.0}"
56,2617.0,1.0,R,{'R': 2617.0},,0.11559842542316726,0.4539854054356952,2617.0,1.0,CGU,{'CGU': 2617.0}
57,2617.0,1.0,N,{'N': 2617.0},,0.11559842542316726,0.4539854054356952,2617.0,1.0,AAU,{'AAU': 2617.0}
58,2617.0,1.0,Y,{'Y': 2617.0},,0.11559842542316726,0.4539854054356952,2617.0,1.0,UAU,{'UAU': 2617.0}
59,2617.0,1.0,S,{'S': 2617.0},,0.11559842542316726,0.4539854054356952,2615.0,0.9992357661444402,UCC,"{'UCG': 2.0, 'UCC': 2615.0}"
60,2617.0,1.0,R,{'R': 2617.0},,0.11559842542316726,0.4539854054356952,2614.0,0.9988536492166603,CGC,"{'CGC': 2614.0, 'CGU': 3.0}"
61,2617.0,1.0,A,{'A': 2617.0},,0.11559842542316726,0.4539854054356952,2614.0,0.9988536492166603,GCU,"{'GCC': 1.0, 'GCU': 2614.0, 'GCG': 2.0}"
62,2617.0,1.0,T,{'T': 2617.0},,0.11559842542316726,0.4539854054356952,2615.0,0.9992357661444402,ACC,"{'ACC': 2615.0, 'ACU': 2.0}"
63,2614.0,0.9988536492166603,T,"{'P': 3.0, 'T': 2614.0}",,0.044375801597882424,0.4823024250852293,2609.0,0.9969430645777608,ACU,"{'ACC': 5.0, 'CCU': 3.0, 'ACU': 2609.0}"
64,2615.0,0.9992357661444402,S,"{'A': 2.0, 'S': 2615.0}",,0.0681166762063107,0.47284637774801414,2615.0,0.9992357661444402,UCC,"{'GCA': 2.0, 'UCC': 2615.0}"
65,2617.0,1.0,Q,{'Q': 2617.0},,0.11559842542316726,0.4539854054356952,2615.0,0.9992357661444402,CAA,"{'CAA': 2615.0, 'CAG': 2.0}"
66,2617.0,1.0,R,{'R': 2617.0},,0.11559842542316726,0.4539854054356952,2615.0,0.9992357661444402,CGC,"{'CGC': 2615.0, 'CGU': 2.0}"
67,2617.0,1.0,C,{'C': 2617.0},,0.11559842542316726,0.4539854054356952,2614.0,0.9988536492166603,UGC,"{'UGC': 2614.0, 'UGU': 3.0}"
68,2617.0,1.0,V,{'V': 2617.0},,0.11559842542316726,0.4539854054356952,2617.0,1.0,GUG,{'GUG': 2617.0}
69,2617.0,1.0,R,{'R': 2617.0},,0.11559842542316726,0.4539854054356952,2617.0,1.0,CGU,{'CGU': 2617.0}
70,2617.0,1.0,A,{'A': 2617.0},,0.11559842542316726,0.4539854054356952,2617.0,1.0,GCG,{'GCG': 2617.0}
71,2617.0,1.0,G,{'G': 2617.0},,0.11559842542316726,0.4539854054356952,2611.0,0.9977072984333206,GGU,"{'GGU': 2611.0, 'GGG': 6.0}"
72,2617.0,1.0,G,{'G': 2617.0},,0.11559842542316726,0.4539854054356952,2617.0,1.0,GGU,{'GGU': 2617.0}
73,2617.0,1.0,K,{'K': 2617.0},,0.11559842542316726,0.4539854054356952,2617.0,1.0,AAA,{'AAA': 2617.0}
74,2617.0,1.0,H,{'H': 2617.0},,0.11559842542316726,0.4539854054356952,2610.0,0.9973251815055407,CAC,"{'CAC': 2610.0, 'CAU': 7.0}"
75,2617.0,1.0,N,{'N': 2617.0},,0.11559842542316726,0.4539854054356952,2617.0,1.0,AAC,{'AAC': 2617.0}
76,2617.0,1.0,D,{'D': 2617.0},,0.11559842542316726,0.4539854054356952,2325.0,0.888421857088269,GAC,"{'GAU': 292.0, 'GAC': 2325.0}"
77,2617.0,1.0,L,{'L': 2617.0},,0.11559842542316726,0.4539854054356952,2615.0,0.9992357661444402,CUG,"{'CUG': 2615.0, 'UUG': 2.0}"
78,2617.0,1.0,E,{'E': 2617.0},,0.11559842542316726,0.4539854054356952,2617.0,1.0,GAA,{'GAA': 2617.0}
79,2617.0,1.0,N,{'N': 2617.0},,0.11559842542316726,0.4539854054356952,2616.0,0.9996178830722201,AAC,"{'AAU': 1.0, 'AAC': 2616.0}"
80,2617.0,1.0,V,{'V': 2617.0},,0.11559842542316726,0.4539854054356952,2617.0,1.0,GUC,{'GUC': 2617.0}
81,2617.0,1.0,G,{'G': 2617.0},,0.11559842542316726,0.4539854054356952,2616.0,0.9996178830722201,GGU,"{'GGU': 2616.0, 'GGC': 1.0}"
82,2617.0,1.0,Y,{'Y': 2617.0},,0.11559842542316726,0.4539854054356952,2617.0,1.0,UAC,{'UAC': 2617.0}
83,2616.0,0.9996178830722201,T,"{'P': 1.0, 'T': 2616.0}",,0.09185755081473898,0.4634056091777205,2616.0,0.9996178830722201,ACC,"{'ACC': 2616.0, 'CCC': 1.0}"
84,2617.0,1.0,A,{'A': 2617.0},,0.11559842542316726,0.4539854054356952,2612.0,0.9980894153611005,GCG,"{'GCA': 5.0, 'GCG': 2612.0}"
85,2617.0,1.0,R,{'R': 2617.0},,0.11559842542316726,0.4539854054356952,2614.0,0.9988536492166603,CGU,"{'CGC': 3.0, 'CGU': 2614.0}"
86,2616.0,0.9996178830722201,H,"{'H': 2616.0, 'P': 1.0}",,0.09185755081473898,0.4634056091777205,1888.0,0.7214367596484524,CAC,"{'CAC': 1888.0, 'CCC': 1.0, 'CAU': 728.0}"
87,2617.0,1.0,H,{'H': 2617.0},,0.11559842542316726,0.4539854054356952,2612.0,0.9980894153611005,CAU,"{'CAC': 5.0, 'CAU': 2612.0}"
88,2614.0,0.9988536492166603,T,"{'P': 3.0, 'T': 2614.0}",,0.044375801597882424,0.4823024250852293,2614.0,0.9988536492166603,ACC,"{'ACC': 2614.0, 'CCC': 3.0}"
89,2617.0,1.0,F,{'F': 2617.0},,0.11559842542316726,0.4539854054356952,2615.0,0.9992357661444402,UUC,"{'UUU': 2.0, 'UUC': 2615.0}"
90,2617.0,1.0,F,{'F': 2617.0},,0.11559842542316726,0.4539854054356952,2614.0,0.9988536492166603,UUC,"{'UUU': 3.0, 'UUC': 2614.0}"
91,2617.0,1.0,E,{'E': 2617.0},,0.11559842542316726,0.4539854054356952,2614.0,0.9988536492166603,GAA,"{'GAG': 3.0, 'GAA': 2614.0}"
92,2617.0,1.0,M,{'M': 2617.0},,0.11559842542316726,0.4539854054356952,2617.0,1.0,AUG,{'AUG': 2617.0}
93,2616.0,0.9996178830722201,L,"{'M': 1.0, 'L': 2616.0}",,0.09185755081473898,0.4634056091777205,2616.0,0.9996178830722201,CUG,"{'CUG': 2616.0, 'AUG': 1.0}"
94,2617.0,1.0,G,{'G': 2617.0},,0.11559842542316726,0.4539854054356952,2615.0,0.9992357661444402,GGC,"{'GGU': 2.0, 'GGC': 2615.0}"
95,2617.0,1.0,N,{'N': 2617.0},,0.11559842542316726,0.4539854054356952,2617.0,1.0,AAC,{'AAC': 2617.0}
96,2617.0,1.0,F,{'F': 2617.0},,0.11559842542316726,0.4539854054356952,2616.0,0.9996178830722201,UUC,"{'UUU': 1.0, 'UUC': 2616.0}"
97,2617.0,1.0,S,{'S': 2617.0},,0.11559842542316726,0.4539854054356952,2617.0,1.0,AGC,{'AGC': 2617.0}
98,2617.0,1.0,F,{'F': 2617.0},,0.11559842542316726,0.4539854054356952,2615.0,0.9992357661444402,UUC,"{'UUU': 2.0, 'UUC': 2615.0}"
99,2617.0,1.0,G,{'G': 2617.0},,0.11559842542316726,0.4539854054356952,2614.0,0.9988536492166603,GGC,"{'GGU': 3.0, 'GGC': 2614.0}"
100,2617.0,1.0,D,{'D': 2617.0},,0.11559842542316726,0.4539854054356952,2614.0,0.9988536492166603,GAC,"{'GAU': 3.0, 'GAC': 2614.0}"
101,2617.0,1.0,Y,{'Y': 2617.0},,0.11559842542316726,0.4539854054356952,2615.0,0.9992357661444402,UAU,"{'UAC': 2.0, 'UAU': 2615.0}"
102,2617.0,1.0,F,{'F': 2617.0},,0.11559842542316726,0.4539854054356952,2617.0,1.0,UUC,{'UUC': 2617.0}
103,2617.0,1.0,K,{'K': 2617.0},,0.11559842542316726,0.4539854054356952,2614.0,0.9988536492166603,AAA,"{'AAG': 3.0, 'AAA': 2614.0}"
104,2614.0,0.9988536492166603,H,"{'Q': 2.0, 'H': 2614.0, 'Y': 1.0}",,0.044375801597882424,0.4823024250852293,2614.0,0.9988536492166603,CAC,"{'CAC': 2614.0, 'UAC': 1.0, 'CAG': 2.0}"
105,2617.0,1.0,D,{'D': 2617.0},,0.11559842542316726,0.4539854054356952,2617.0,1.0,GAU,{'GAU': 2617.0}
106,2617.0,1.0,A,{'A': 2617.0},,0.11559842542316726,0.4539854054356952,2613.0,0.9984715322888804,GCC,"{'GCC': 2613.0, 'GCU': 4.0}"
107,2617.0,1.0,I,{'I': 2617.0},,0.11559842542316726,0.4539854054356952,2615.0,0.9992357661444402,AUU,"{'AUC': 2.0, 'AUU': 2615.0}"
108,2615.0,0.9992357661444402,Q,"{'Q': 2615.0, 'K': 2.0}",,0.0681166762063107,0.47284637774801414,2615.0,0.9992357661444402,CAG,"{'AAA': 2.0, 'CAG': 2615.0}"
109,2615.0,0.9992357661444402,F,"{'Y': 2.0, 'F': 2615.0}",,0.0681166762063107,0.47284637774801414,2615.0,0.9992357661444402,UUU,"{'UUU': 2615.0, 'UAC': 2.0}"
110,2617.0,1.0,A,{'A': 2617.0},,0.11559842542316726,0.4539854054356952,2615.0,0.9992357661444402,GCA,"{'GCA': 2615.0, 'GCG': 2.0}"
111,2617.0,1.0,W,{'W': 2617.0},,0.11559842542316726,0.4539854054356952,2617.0,1.0,UGG,{'UGG': 2617.0}
112,2617.0,1.0,E,{'E': 2617.0},,0.11559842542316726,0.4539854054356952,2617.0,1.0,GAA,{'GAA': 2617.0}
113,2617.0,1.0,L,{'L': 2617.0},,0.11559842542316726,0.4539854054356952,2611.0,0.9977072984333206,CUG,"{'CUG': 2611.0, 'UUG': 3.0, 'UUA': 3.0}"
114,2617.0,1.0,L,{'L': 2617.0},,0.11559842542316726,0.4539854054356952,2595.0,0.9915934275888422,CUG,"{'CUG': 2595.0, 'UUG': 22.0}"
115,2617.0,1.0,T,{'T': 2617.0},,0.11559842542316726,0.4539854054356952,2616.0,0.9996178830722201,ACC,"{'ACC': 2616.0, 'ACU': 1.0}"
116,2615.0,0.9992357661444402,S,"{'S': 2615.0, 'G': 2.0}",,0.0681166762063107,0.47284637774801414,2476.0,0.9461215131830341,AGC,"{'GGU': 2.0, 'AGU': 139.0, 'AGC': 2476.0}"
117,2617.0,1.0,E,{'E': 2617.0},,0.11559842542316726,0.4539854054356952,2615.0,0.9992357661444402,GAA,"{'GAG': 2.0, 'GAA': 2615.0}"
118,2615.0,0.9992357661444402,K,"{'K': 2615.0, 'N': 2.0}",,0.0681166762063107,0.47284637774801414,2615.0,0.9992357661444402,AAA,"{'AAA': 2615.0, 'AAC': 2.0}"
119,2617.0,1.0,W,{'W': 2617.0},,0.11559842542316726,0.4539854054356952,2617.0,1.0,UGG,{'UGG': 2617.0}
120,2617.0,1.0,F,{'F': 2617.0},,0.11559842542316726,0.4539854054356952,2615.0,0.9992357661444402,UUU,"{'UUU': 2615.0, 'UUC': 2.0}"
121,2617.0,1.0,A,{'A': 2617.0},,0.11559842542316726,0.4539854054356952,2612.0,0.9980894153611005,GCC,"{'GCC': 2612.0, 'GCU': 3.0, 'GCG': 2.0}"
122,2617.0,1.0,L,{'L': 2617.0},,0.11559842542316726,0.4539854054356952,2617.0,1.0,CUG,{'CUG': 2617.0}
123,2617.0,1.0,P,{'P': 2617.0},,0.11559842542316726,0.4539854054356952,2617.0,1.0,CCG,{'CCG': 2617.0}
124,2617.0,1.0,K,{'K': 2617.0},,0.11559842542316726,0.4539854054356952,2617.0,1.0,AAA,{'AAA': 2617.0}
125,2616.0,0.9996178830722201,E,"{'E': 2616.0, 'G': 1.0}",,0.09185755081473898,0.4634056091777205,2613.0,0.9984715322888804,GAG,"{'GAG': 2613.0, 'GGG': 1.0, 'GAA': 3.0}"
126,2615.0,0.9992357661444402,R,"{'K': 2.0, 'R': 2615.0}",,0.0681166762063107,0.47284637774801414,2612.0,0.9980894153611005,CGU,"{'AAA': 2.0, 'CGC': 3.0, 'CGU': 2612.0}"
127,2617.0,1.0,L,{'L': 2617.0},,0.11559842542316726,0.4539854054356952,2617.0,1.0,CUG,{'CUG': 2617.0}
128,2617.0,1.0,W,{'W': 2617.0},,0.11559842542316726,0.4539854054356952,2617.0,1.0,UGG,{'UGG': 2617.0}
129,2617.0,1.0,V,{'V': 2617.0},,0.11559842542316726,0.4539854054356952,2598.0,0.9927397783721819,GUU,"{'GUC': 19.0, 'GUU': 2598.0}"
130,2617.0,1.0,T,{'T': 2617.0},,0.11559842542316726,0.4539854054356952,2617.0,1.0,ACC,{'ACC': 2617.0}
131,2617.0,1.0,V,{'V': 2617.0},,0.11559842542316726,0.4539854054356952,2615.0,0.9992357661444402,GUC,"{'GUC': 2615.0, 'GUU': 2.0}"
132,2617.0,1.0,Y,{'Y': 2617.0},,0.11559842542316726,0.4539854054356952,2615.0,0.9992357661444402,UAU,"{'UAC': 2.0, 'UAU': 2615.0}"
133,2617.0,1.0,E,{'E': 2617.0},,0.11559842542316726,0.4539854054356952,2615.0,0.9992357661444402,GAA,"{'GAG': 2.0, 'GAA': 2615.0}"
134,2615.0,0.9992357661444402,S,"{'S': 2615.0, 'T': 2.0}",,0.0681166762063107,0.47284637774801414,2615.0,0.9992357661444402,AGC,"{'ACC': 2.0, 'AGC': 2615.0}"
135,2617.0,1.0,D,{'D': 2617.0},,0.11559842542316726,0.4539854054356952,2615.0,0.9992357661444402,GAC,"{'GAU': 2.0, 'GAC': 2615.0}"
136,2617.0,1.0,D,{'D': 2617.0},,0.11559842542316726,0.4539854054356952,2617.0,1.0,GAC,{'GAC': 2617.0}
137,2617.0,1.0,E,{'E': 2617.0},,0.11559842542316726,0.4539854054356952,2617.0,1.0,GAA,{'GAA': 2617.0}
138,2617.0,1.0,A,{'A': 2617.0},,0.11559842542316726,0.4539854054356952,2615.0,0.9992357661444402,GCC,"{'GCC': 2615.0, 'GCU': 2.0}"
139,2615.0,0.9992357661444402,Y,"{'Y': 2615.0, 'F': 2.0}",,0.0681166762063107,0.47284637774801414,2615.0,0.9992357661444402,UAC,"{'UAC': 2615.0, 'UUC': 2.0}"
140,2615.0,0.9992357661444402,E,"{'E': 2615.0, 'D': 2.0}",,0.0681166762063107,0.47284637774801414,2615.0,0.9992357661444402,GAA,"{'GAC': 2.0, 'GAA': 2615.0}"
141,2617.0,1.0,I,{'I': 2617.0},,0.11559842542316726,0.4539854054356952,2617.0,1.0,AUC,{'AUC': 2617.0}
142,2617.0,1.0,W,{'W': 2617.0},,0.11559842542316726,0.4539854054356952,2617.0,1.0,UGG,{'UGG': 2617.0}
143,2615.0,0.9992357661444402,E,"{'A': 2.0, 'E': 2615.0}",,0.0681166762063107,0.47284637774801414,2393.0,0.9144058081773022,GAA,"{'GAG': 222.0, 'GCC': 2.0, 'GAA': 2393.0}"
144,2615.0,0.9992357661444402,K,"{'K': 2615.0, 'N': 2.0}",,0.0681166762063107,0.47284637774801414,2615.0,0.9992357661444402,AAA,"{'AAU': 2.0, 'AAA': 2615.0}"
145,2616.0,0.9996178830722201,E,"{'E': 2616.0, 'D': 1.0}",,0.09185755081473898,0.4634056091777205,2616.0,0.9996178830722201,GAA,"{'GAC': 1.0, 'GAA': 2616.0}"
146,2617.0,1.0,V,{'V': 2617.0},,0.11559842542316726,0.4539854054356952,2241.0,0.8563240351547573,GUA,"{'GUC': 370.0, 'GUA': 2241.0, 'GUU': 6.0}"
147,2615.0,0.9992357661444402,G,"{'E': 2.0, 'G': 2615.0}",,0.0681166762063107,0.47284637774801414,2610.0,0.9973251815055407,GGG,"{'GGU': 3.0, 'GGG': 2610.0, 'GGC': 2.0, 'GAA': 2.0}"
148,2615.0,0.9992357661444402,I,"{'I': 2615.0, 'V': 2.0}",,0.0681166762063107,0.47284637774801414,2615.0,0.9992357661444402,AUC,"{'AUC': 2615.0, 'GUU': 2.0}"
149,2617.0,1.0,P,{'P': 2617.0},,0.11559842542316726,0.4539854054356952,2614.0,0.9988536492166603,CCG,"{'CCG': 2614.0, 'CCA': 3.0}"
150,2616.0,0.9996178830722201,R,"{'C': 1.0, 'R': 2616.0}",,0.09185755081473898,0.4634056091777205,2616.0,0.9996178830722201,CGC,"{'UGC': 1.0, 'CGC': 2616.0}"
151,2617.0,1.0,E,{'E': 2617.0},,0.11559842542316726,0.4539854054356952,2615.0,0.9992357661444402,GAA,"{'GAG': 2.0, 'GAA': 2615.0}"
152,2617.0,1.0,R,{'R': 2617.0},,0.11559842542316726,0.4539854054356952,2617.0,1.0,CGU,{'CGU': 2617.0}
153,2617.0,1.0,I,{'I': 2617.0},,0.11559842542316726,0.4539854054356952,2617.0,1.0,AUU,{'AUU': 2617.0}
154,2617.0,1.0,I,{'I': 2617.0},,0.11559842542316726,0.4539854054356952,2615.0,0.9992357661444402,AUU,"{'AUC': 2.0, 'AUU': 2615.0}"
155,2615.0,0.9992357661444402,R,"{'C': 1.0, 'R': 2615.0, 'S': 1.0}",,0.0681166762063107,0.47284637774801414,2556.0,0.9766908674054261,CGC,"{'UGC': 1.0, 'AGC': 1.0, 'CGC': 2556.0, 'CGU': 59.0}"
156,2617.0,1.0,I,{'I': 2617.0},,0.11559842542316726,0.4539854054356952,2617.0,1.0,AUC,{'AUC': 2617.0}
157,2617.0,1.0,G,{'G': 2617.0},,0.11559842542316726,0.4539854054356952,2609.0,0.9969430645777608,GGC,"{'GGU': 6.0, 'GGA': 2.0, 'GGC': 2609.0}"
158,2617.0,1.0,D,{'D': 2617.0},,0.11559842542316726,0.4539854054356952,2615.0,0.9992357661444402,GAU,"{'GAU': 2615.0, 'GAC': 2.0}"
159,2617.0,1.0,N,{'N': 2617.0},,0.11559842542316726,0.4539854054356952,2617.0,1.0,AAC,{'AAC': 2617.0}
160,2617.0,1.0,K,{'K': 2617.0},,0.11559842542316726,0.4539854054356952,2617.0,1.0,AAA,{'AAA': 2617.0}
161,2617.0,1.0,G,{'G': 2617.0},,0.11559842542316726,0.4539854054356952,2613.0,0.9984715322888804,GGU,"{'GGU': 2613.0, 'GGG': 2.0, 'GGC': 2.0}"
162,2617.0,1.0,A,{'A': 2617.0},,0.11559842542316726,0.4539854054356952,2616.0,0.9996178830722201,GCG,"{'GCA': 1.0, 'GCG': 2616.0}"
163,2617.0,1.0,P,{'P': 2617.0},,0.11559842542316726,0.4539854054356952,2615.0,0.9992357661444402,CCA,"{'CCG': 2.0, 'CCA': 2615.0}"
164,2615.0,0.9992357661444402,Y,"{'Y': 2615.0, 'F': 2.0}",,0.0681166762063107,0.47284637774801414,2615.0,0.9992357661444402,UAC,"{'UUU': 2.0, 'UAC': 2615.0}"
165,2615.0,0.9992357661444402,A,"{'A': 2615.0, 'S': 1.0, 'V': 1.0}",,0.0681166762063107,0.47284637774801414,2610.0,0.9973251815055407,GCA,"{'GCA': 2610.0, 'GUA': 1.0, 'GCU': 2.0, 'UCA': 1.0, 'GCG': 3.0}"
166,2617.0,1.0,S,{'S': 2617.0},,0.11559842542316726,0.4539854054356952,2617.0,1.0,UCU,{'UCU': 2617.0}
167,2617.0,1.0,D,{'D': 2617.0},,0.11559842542316726,0.4539854054356952,2615.0,0.9992357661444402,GAC,"{'GAU': 2.0, 'GAC': 2615.0}"
168,2617.0,1.0,N,{'N': 2617.0},,0.11559842542316726,0.4539854054356952,2617.0,1.0,AAC,{'AAC': 2617.0}
169,2617.0,1.0,F,{'F': 2617.0},,0.11559842542316726,0.4539854054356952,2616.0,0.9996178830722201,UUC,"{'UUU': 1.0, 'UUC': 2616.0}"
170,2617.0,1.0,W,{'W': 2617.0},,0.11559842542316726,0.4539854054356952,2617.0,1.0,UGG,{'UGG': 2617.0}
171,2617.0,1.0,Q,{'Q': 2617.0},,0.11559842542316726,0.4539854054356952,2616.0,0.9996178830722201,CAG,"{'CAA': 1.0, 'CAG': 2616.0}"
172,2617.0,1.0,M,{'M': 2617.0},,0.11559842542316726,0.4539854054356952,2617.0,1.0,AUG,{'AUG': 2617.0}
173,2617.0,1.0,G,{'G': 2617.0},,0.11559842542316726,0.4539854054356952,2611.0,0.9977072984333206,GGU,"{'GGU': 2611.0, 'GGG': 1.0, 'GGC': 5.0}"
174,2617.0,1.0,D,{'D': 2617.0},,0.11559842542316726,0.4539854054356952,2612.0,0.9980894153611005,GAC,"{'GAU': 5.0, 'GAC': 2612.0}"
175,2617.0,1.0,T,{'T': 2617.0},,0.11559842542316726,0.4539854054356952,2614.0,0.9988536492166603,ACU,"{'ACC': 3.0, 'ACU': 2614.0}"
176,2617.0,1.0,G,{'G': 2617.0},,0.11559842542316726,0.4539854054356952,2617.0,1.0,GGU,{'GGU': 2617.0}
177,2617.0,1.0,P,{'P': 2617.0},,0.11559842542316726,0.4539854054356952,2617.0,1.0,CCG,{'CCG': 2617.0}
178,2617.0,1.0,C,{'C': 2617.0},,0.11559842542316726,0.4539854054356952,2613.0,0.9984715322888804,UGC,"{'UGC': 2613.0, 'UGU': 4.0}"
179,2617.0,1.0,G,{'G': 2617.0},,0.11559842542316726,0.4539854054356952,2617.0,1.0,GGC,{'GGC': 2617.0}
180,2612.0,0.9980894153611005,P,"{'P': 2612.0, 'S': 5.0}",,-0.003105947618974138,0.4987609081663141,2612.0,0.9980894153611005,CCG,"{'UCG': 5.0, 'CCG': 2612.0}"
181,2617.0,1.0,C,{'C': 2617.0},,0.11559842542316726,0.4539854054356952,2613.0,0.9984715322888804,UGC,"{'UGC': 2613.0, 'UGU': 4.0}"
182,2617.0,1.0,T,{'T': 2617.0},,0.11559842542316726,0.4539854054356952,2614.0,0.9988536492166603,ACC,"{'ACC': 2614.0, 'ACU': 3.0}"
183,2617.0,1.0,E,{'E': 2617.0},,0.11559842542316726,0.4539854054356952,2617.0,1.0,GAA,{'GAA': 2617.0}
184,2617.0,1.0,I,{'I': 2617.0},,0.11559842542316726,0.4539854054356952,2610.0,0.9973251815055407,AUC,"{'AUC': 2610.0, 'AUU': 7.0}"
185,2617.0,1.0,F,{'F': 2617.0},,0.11559842542316726,0.4539854054356952,2616.0,0.9996178830722201,UUC,"{'UUU': 1.0, 'UUC': 2616.0}"
186,2615.0,0.9992357661444402,Y,"{'Y': 2615.0, 'F': 2.0}",,0.0681166762063107,0.47284637774801414,2612.0,0.9980894153611005,UAC,"{'UUU': 2.0, 'UAC': 2612.0, 'UAU': 3.0}"
187,2617.0,1.0,D,{'D': 2617.0},,0.11559842542316726,0.4539854054356952,2615.0,0.9992357661444402,GAU,"{'GAU': 2615.0, 'GAC': 2.0}"
188,2617.0,1.0,H,{'H': 2617.0},,0.11559842542316726,0.4539854054356952,2610.0,0.9973251815055407,CAC,"{'CAC': 2610.0, 'CAU': 7.0}"
189,2617.0,1.0,G,{'G': 2617.0},,0.11559842542316726,0.4539854054356952,2613.0,0.9984715322888804,GGC,"{'GGU': 4.0, 'GGC': 2613.0}"
190,2617.0,1.0,D,{'D': 2617.0},,0.11559842542316726,0.4539854054356952,2615.0,0.9992357661444402,GAC,"{'GAU': 2.0, 'GAC': 2615.0}"
191,2617.0,1.0,H,{'H': 2617.0},,0.11559842542316726,0.4539854054356952,2614.0,0.9988536492166603,CAC,"{'CAC': 2614.0, 'CAU': 3.0}"
192,2617.0,1.0,I,{'I': 2617.0},,0.11559842542316726,0.4539854054356952,2608.0,0.9965609476499809,AUU,"{'AUC': 9.0, 'AUU': 2608.0}"
193,2617.0,1.0,W,{'W': 2617.0},,0.11559842542316726,0.4539854054356952,2617.0,1.0,UGG,{'UGG': 2617.0}
194,2617.0,1.0,G,{'G': 2617.0},,0.11559842542316726,0.4539854054356952,1205.0,0.4604508979747803,GGU,"{'GGU': 1205.0, 'GGG': 215.0, 'GGC': 1197.0}"
195,2617.0,1.0,G,{'G': 2617.0},,0.11559842542316726,0.4539854054356952,2570.0,0.9820405043943446,GGC,"{'GGU': 40.0, 'GGG': 6.0, 'GGA': 1.0, 'GGC': 2570.0}"
196,2617.0,1.0,P,{'P': 2617.0},,0.11559842542316726,0.4539854054356952,2617.0,1.0,CCU,{'CCU': 2617.0}
197,2617.0,1.0,P,{'P': 2617.0},,0.11559842542316726,0.4539854054356952,2617.0,1.0,CCG,{'CCG': 2617.0}
198,2617.0,1.0,G,{'G': 2617.0},,0.11559842542316726,0.4539854054356952,2617.0,1.0,GGA,{'GGA': 2617.0}
199,2617.0,1.0,S,{'S': 2617.0},,0.11559842542316726,0.4539854054356952,2399.0,0.9166985097439817,AGU,"{'AGU': 2399.0, 'AGC': 218.0}"
200,2614.0,0.9988536492166603,P,"{'A': 3.0, 'P': 2614.0}",,0.044375801597882424,0.4823024250852293,2614.0,0.9988536492166603,CCG,"{'GCA': 3.0, 'CCG': 2614.0}"
201,2617.0,1.0,E,{'E': 2617.0},,0.11559842542316726,0.4539854054356952,2617.0,1.0,GAA,{'GAA': 2617.0}
202,2617.0,1.0,E,{'E': 2617.0},,0.11559842542316726,0.4539854054356952,2617.0,1.0,GAA,{'GAA': 2617.0}
203,2617.0,1.0,D,{'D': 2617.0},,0.11559842542316726,0.4539854054356952,2579.0,0.9854795567443638,GAC,"{'GAU': 38.0, 'GAC': 2579.0}"
204,2617.0,1.0,G,{'G': 2617.0},,0.11559842542316726,0.4539854054356952,2608.0,0.9965609476499809,GGC,"{'GGU': 9.0, 'GGC': 2608.0}"
205,2617.0,1.0,D,{'D': 2617.0},,0.11559842542316726,0.4539854054356952,2343.0,0.8952999617883072,GAC,"{'GAU': 274.0, 'GAC': 2343.0}"
206,2617.0,1.0,R,{'R': 2617.0},,0.11559842542316726,0.4539854054356952,2606.0,0.9957967137944211,CGC,"{'CGC': 2606.0, 'CGU': 9.0, 'CGG': 2.0}"
207,2617.0,1.0,Y,{'Y': 2617.0},,0.11559842542316726,0.4539854054356952,2616.0,0.9996178830722201,UAC,"{'UAC': 2616.0, 'UAU': 1.0}"
208,2617.0,1.0,I,{'I': 2617.0},,0.11559842542316726,0.4539854054356952,2617.0,1.0,AUU,{'AUU': 2617.0}
209,2617.0,1.0,E,{'E': 2617.0},,0.11559842542316726,0.4539854054356952,2617.0,1.0,GAG,{'GAG': 2617.0}
210,2617.0,1.0,I,{'I': 2617.0},,0.11559842542316726,0.4539854054356952,2611.0,0.9977072984333206,AUC,"{'AUC': 2611.0, 'AUU': 6.0}"
211,2617.0,1.0,W,{'W': 2617.0},,0.11559842542316726,0.4539854054356952,2617.0,1.0,UGG,{'UGG': 2617.0}
212,2617.0,1.0,N,{'N': 2617.0},,0.11559842542316726,0.4539854054356952,2617.0,1.0,AAC,{'AAC': 2617.0}
213,2617.0,1.0,I,{'I': 2617.0},,0.11559842542316726,0.4539854054356952,2617.0,1.0,AUC,{'AUC': 2617.0}
214,2617.0,1.0,V,{'V': 2617.0},,0.11559842542316726,0.4539854054356952,2609.0,0.9969430645777608,GUC,"{'GUC': 2609.0, 'GUU': 8.0}"
215,2617.0,1.0,F,{'F': 2617.0},,0.11559842542316726,0.4539854054356952,2617.0,1.0,UUC,{'UUC': 2617.0}
216,2617.0,1.0,M,{'M': 2617.0},,0.11559842542316726,0.4539854054356952,2617.0,1.0,AUG,{'AUG': 2617.0}
217,2617.0,1.0,Q,{'Q': 2617.0},,0.11559842542316726,0.4539854054356952,2617.0,1.0,CAG,{'CAG': 2617.0}
218,2617.0,1.0,F,{'F': 2617.0},,0.11559842542316726,0.4539854054356952,2617.0,1.0,UUC,{'UUC': 2617.0}
219,2616.0,0.9996178830722201,N,"{'T': 1.0, 'N': 2616.0}",,0.09185755081473898,0.4634056091777205,2616.0,0.9996178830722201,AAC,"{'ACC': 1.0, 'AAC': 2616.0}"
220,2617.0,1.0,R,{'R': 2617.0},,0.11559842542316726,0.4539854054356952,2612.0,0.9980894153611005,CGC,"{'CGC': 2612.0, 'CGU': 5.0}"
221,2617.0,1.0,Q,{'Q': 2617.0},,0.11559842542316726,0.4539854054356952,2615.0,0.9992357661444402,CAG,"{'CAA': 2.0, 'CAG': 2615.0}"
222,2617.0,1.0,A,{'A': 2617.0},,0.11559842542316726,0.4539854054356952,1818.0,0.6946885747038594,GCC,"{'GCA': 794.0, 'GCC': 1818.0, 'GCU': 5.0}"
223,2617.0,1.0,D,{'D': 2617.0},,0.11559842542316726,0.4539854054356952,2615.0,0.9992357661444402,GAU,"{'GAU': 2615.0, 'GAC': 2.0}"
224,2617.0,1.0,G,{'G': 2617.0},,0.11559842542316726,0.4539854054356952,2615.0,0.9992357661444402,GGC,"{'GGU': 2.0, 'GGC': 2615.0}"
225,2617.0,1.0,T,{'T': 2617.0},,0.11559842542316726,0.4539854054356952,2612.0,0.9980894153611005,ACG,"{'ACC': 1.0, 'ACG': 2612.0, 'ACU': 4.0}"
226,2617.0,1.0,M,{'M': 2617.0},,0.11559842542316726,0.4539854054356952,2617.0,1.0,AUG,{'AUG': 2617.0}
227,2617.0,1.0,E,{'E': 2617.0},,0.11559842542316726,0.4539854054356952,2615.0,0.9992357661444402,GAA,"{'GAG': 2.0, 'GAA': 2615.0}"
228,2617.0,1.0,P,{'P': 2617.0},,0.11559842542316726,0.4539854054356952,2617.0,1.0,CCG,{'CCG': 2617.0}
229,2617.0,1.0,L,{'L': 2617.0},,0.11559842542316726,0.4539854054356952,2614.0,0.9988536492166603,CUG,"{'CUG': 2614.0, 'CUU': 3.0}"
230,2617.0,1.0,P,{'P': 2617.0},,0.11559842542316726,0.4539854054356952,2617.0,1.0,CCG,{'CCG': 2617.0}
231,2617.0,1.0,K,{'K': 2617.0},,0.11559842542316726,0.4539854054356952,1423.0,0.5437523882307986,AAG,"{'AAG': 1423.0, 'AAA': 1194.0}"
232,2617.0,1.0,P,{'P': 2617.0},,0.11559842542316726,0.4539854054356952,2616.0,0.9996178830722201,CCG,"{'CCG': 2616.0, 'CCA': 1.0}"
233,2617.0,1.0,S,{'S': 2617.0},,0.11559842542316726,0.4539854054356952,2615.0,0.9992357661444402,UCU,"{'UCU': 2615.0, 'UCC': 2.0}"
234,2617.0,1.0,V,{'V': 2617.0},,0.11559842542316726,0.4539854054356952,2612.0,0.9980894153611005,GUA,"{'GUC': 2.0, 'GUA': 2612.0, 'GUU': 3.0}"
235,2617.0,1.0,D,{'D': 2617.0},,0.11559842542316726,0.4539854054356952,2615.0,0.9992357661444402,GAU,"{'GAU': 2615.0, 'GAC': 2.0}"
236,2617.0,1.0,T,{'T': 2617.0},,0.11559842542316726,0.4539854054356952,2368.0,0.9048528849828047,ACC,"{'ACC': 2368.0, 'ACU': 249.0}"
237,2617.0,1.0,G,{'G': 2617.0},,0.11559842542316726,0.4539854054356952,2617.0,1.0,GGU,{'GGU': 2617.0}
238,2617.0,1.0,M,{'M': 2617.0},,0.11559842542316726,0.4539854054356952,2617.0,1.0,AUG,{'AUG': 2617.0}
239,2617.0,1.0,G,{'G': 2617.0},,0.11559842542316726,0.4539854054356952,2589.0,0.9893007260221628,GGU,"{'GGU': 2589.0, 'GGG': 27.0, 'GGC': 1.0}"
240,2617.0,1.0,L,{'L': 2617.0},,0.11559842542316726,0.4539854054356952,2617.0,1.0,CUG,{'CUG': 2617.0}
241,2617.0,1.0,E,{'E': 2617.0},,0.11559842542316726,0.4539854054356952,2308.0,0.8819258693160107,GAG,"{'GAG': 2308.0, 'GAA': 309.0}"
242,2617.0,1.0,R,{'R': 2617.0},,0.11559842542316726,0.4539854054356952,2614.0,0.9988536492166603,CGU,"{'CGA': 3.0, 'CGU': 2614.0}"
243,2617.0,1.0,I,{'I': 2617.0},,0.11559842542316726,0.4539854054356952,2617.0,1.0,AUU,{'AUU': 2617.0}
244,2617.0,1.0,A,{'A': 2617.0},,0.11559842542316726,0.4539854054356952,2616.0,0.9996178830722201,GCU,"{'GCC': 1.0, 'GCU': 2616.0}"
245,2617.0,1.0,A,{'A': 2617.0},,0.11559842542316726,0.4539854054356952,2617.0,1.0,GCG,{'GCG': 2617.0}
246,2614.0,0.9988536492166603,V,"{'G': 3.0, 'V': 2614.0}",,0.044375801597882424,0.4823024250852293,2612.0,0.9980894153611005,GUG,"{'GUA': 2.0, 'GUG': 2612.0, 'GGG': 3.0}"
247,2617.0,1.0,L,{'L': 2617.0},,0.11559842542316726,0.4539854054356952,2605.0,0.9954145968666412,CUG,"{'CUG': 2605.0, 'UUG': 3.0, 'CUA': 9.0}"
248,2617.0,1.0,Q,{'Q': 2617.0},,0.11559842542316726,0.4539854054356952,2615.0,0.9992357661444402,CAA,"{'CAA': 2615.0, 'CAG': 2.0}"
249,2617.0,1.0,H,{'H': 2617.0},,0.11559842542316726,0.4539854054356952,2617.0,1.0,CAC,{'CAC': 2617.0}
250,2617.0,1.0,V,{'V': 2617.0},,0.11559842542316726,0.4539854054356952,2617.0,1.0,GUU,{'GUU': 2617.0}
251,2617.0,1.0,N,{'N': 2617.0},,0.11559842542316726,0.4539854054356952,2617.0,1.0,AAC,{'AAC': 2617.0}
252,2617.0,1.0,S,{'S': 2617.0},,0.11559842542316726,0.4539854054356952,2615.0,0.9992357661444402,UCU,"{'UCU': 2615.0, 'UCC': 2.0}"
253,2617.0,1.0,N,{'N': 2617.0},,0.11559842542316726,0.4539854054356952,2617.0,1.0,AAC,{'AAC': 2617.0}
254,2617.0,1.0,Y,{'Y': 2617.0},,0.11559842542316726,0.4539854054356952,2617.0,1.0,UAU,{'UAU': 2617.0}
255,2617.0,1.0,D,{'D': 2617.0},,0.11559842542316726,0.4539854054356952,2617.0,1.0,GAC,{'GAC': 2617.0}
256,2617.0,1.0,I,{'I': 2617.0},,0.11559842542316726,0.4539854054356952,2611.0,0.9977072984333206,AUC,"{'AUC': 2611.0, 'AUU': 6.0}"
257,2617.0,1.0,D,{'D': 2617.0},,0.11559842542316726,0.4539854054356952,2617.0,1.0,GAC,{'GAC': 2617.0}
258,2617.0,1.0,L,{'L': 2617.0},,0.11559842542316726,0.4539854054356952,2559.0,0.9778372181887658,CUG,"{'CUG': 2559.0, 'UUG': 58.0}"
259,2617.0,1.0,F,{'F': 2617.0},,0.11559842542316726,0.4539854054356952,2617.0,1.0,UUC,{'UUC': 2617.0}
260,2616.0,0.9996178830722201,R,"{'S': 1.0, 'R': 2616.0}",,0.09185755081473898,0.4634056091777205,2518.0,0.9621704241497898,CGC,"{'AGC': 1.0, 'CGC': 2518.0, 'CGU': 98.0}"
261,2615.0,0.9992357661444402,T,"{'T': 2615.0, 'D': 2.0}",,0.0681166762063107,0.47284637774801414,2615.0,0.9992357661444402,ACG,"{'GAU': 2.0, 'ACG': 2615.0}"
262,2617.0,1.0,L,{'L': 2617.0},,0.11559842542316726,0.4539854054356952,1747.0,0.6675582728314864,UUG,"{'CUG': 870.0, 'UUG': 1747.0}"
263,2617.0,1.0,I,{'I': 2617.0},,0.11559842542316726,0.4539854054356952,2614.0,0.9988536492166603,AUC,"{'AUC': 2614.0, 'AUU': 3.0}"
264,2615.0,0.9992357661444402,Q,"{'Q': 2615.0, 'A': 2.0}",,0.0681166762063107,0.47284637774801414,2615.0,0.9992357661444402,CAG,"{'GCC': 2.0, 'CAG': 2615.0}"
265,2615.0,0.9992357661444402,A,"{'A': 2615.0, 'S': 2.0}",,0.0681166762063107,0.47284637774801414,2612.0,0.9980894153611005,GCG,"{'GCA': 3.0, 'AGC': 2.0, 'GCG': 2612.0}"
266,2617.0,1.0,V,{'V': 2617.0},,0.11559842542316726,0.4539854054356952,2612.0,0.9980894153611005,GUA,"{'GUA': 2612.0, 'GUG': 2.0, 'GUU': 3.0}"
267,2604.0,0.9950324799388612,A,"{'A': 2604.0, 'V': 13.0}",,-0.19303294448640726,0.42346658365244544,2598.0,0.9927397783721819,GCG,"{'GCA': 6.0, 'GUG': 13.0, 'GCG': 2598.0}"
268,2617.0,1.0,K,{'K': 2617.0},,0.11559842542316726,0.4539854054356952,2617.0,1.0,AAA,{'AAA': 2617.0}
269,2617.0,1.0,V,{'V': 2617.0},,0.11559842542316726,0.4539854054356952,2617.0,1.0,GUC,{'GUC': 2617.0}
270,2617.0,1.0,T,{'T': 2617.0},,0.11559842542316726,0.4539854054356952,2615.0,0.9992357661444402,ACU,"{'ACC': 2.0, 'ACU': 2615.0}"
271,2617.0,1.0,G,{'G': 2617.0},,0.11559842542316726,0.4539854054356952,2612.0,0.9980894153611005,GGC,"{'GGU': 5.0, 'GGC': 2612.0}"
272,2617.0,1.0,A,{'A': 2617.0},,0.11559842542316726,0.4539854054356952,1558.0,0.5953381734810852,GCG,"{'GCA': 1059.0, 'GCG': 1558.0}"
273,2617.0,1.0,T,{'T': 2617.0},,0.11559842542316726,0.4539854054356952,2617.0,1.0,ACC,{'ACC': 2617.0}
274,2616.0,0.9996178830722201,D,"{'E': 1.0, 'D': 2616.0}",,0.09185755081473898,0.4634056091777205,2616.0,0.9996178830722201,GAU,"{'GAU': 2616.0, 'GAA': 1.0}"
275,2617.0,1.0,L,{'L': 2617.0},,0.11559842542316726,0.4539854054356952,2519.0,0.9625525410775697,CUG,"{'CUG': 2519.0, 'UUG': 95.0, 'CUA': 3.0}"
276,2615.0,0.9992357661444402,S,"{'S': 2615.0, 'T': 2.0}",,0.0681166762063107,0.47284637774801414,2615.0,0.9992357661444402,AGC,"{'ACG': 2.0, 'AGC': 2615.0}"
277,2617.0,1.0,N,{'N': 2617.0},,0.11559842542316726,0.4539854054356952,2517.0,0.9617883072220099,AAU,"{'AAU': 2517.0, 'AAC': 100.0}"
278,2617.0,1.0,K,{'K': 2617.0},,0.11559842542316726,0.4539854054356952,2615.0,0.9992357661444402,AAA,"{'AAG': 2.0, 'AAA': 2615.0}"
279,2616.0,0.9996178830722201,S,"{'A': 1.0, 'S': 2616.0}",,0.09185755081473898,0.4634056091777205,2611.0,0.9977072984333206,UCG,"{'UCG': 2611.0, 'GCG': 1.0, 'UCA': 5.0}"
280,2617.0,1.0,L,{'L': 2617.0},,0.11559842542316726,0.4539854054356952,2617.0,1.0,CUG,{'CUG': 2617.0}
281,2616.0,0.9996178830722201,R,"{'H': 1.0, 'R': 2616.0}",,0.09185755081473898,0.4634056091777205,2576.0,0.984333205961024,CGC,"{'CAC': 1.0, 'CGC': 2576.0, 'CGU': 40.0}"
282,2617.0,1.0,V,{'V': 2617.0},,0.11559842542316726,0.4539854054356952,2607.0,0.996178830722201,GUA,"{'GUA': 2607.0, 'GUU': 10.0}"
283,2617.0,1.0,I,{'I': 2617.0},,0.11559842542316726,0.4539854054356952,2617.0,1.0,AUC,{'AUC': 2617.0}
284,2617.0,1.0,A,{'A': 2617.0},,0.11559842542316726,0.4539854054356952,2372.0,0.9063813526939244,GCU,"{'GCA': 243.0, 'GCC': 2.0, 'GCU': 2372.0}"
285,2617.0,1.0,D,{'D': 2617.0},,0.11559842542316726,0.4539854054356952,2617.0,1.0,GAC,{'GAC': 2617.0}
286,2616.0,0.9996178830722201,H,"{'H': 2616.0, 'P': 1.0}",,0.09185755081473898,0.4634056091777205,2615.0,0.9992357661444402,CAC,"{'CAC': 2615.0, 'CAU': 1.0, 'CCC': 1.0}"
287,2617.0,1.0,I,{'I': 2617.0},,0.11559842542316726,0.4539854054356952,2617.0,1.0,AUU,{'AUU': 2617.0}
288,2617.0,1.0,R,{'R': 2617.0},,0.11559842542316726,0.4539854054356952,2615.0,0.9992357661444402,CGU,"{'CGC': 2.0, 'CGU': 2615.0}"
289,2617.0,1.0,S,{'S': 2617.0},,0.11559842542316726,0.4539854054356952,2612.0,0.9980894153611005,UCU,"{'UCU': 2612.0, 'UCC': 5.0}"
290,2614.0,0.9988536492166603,C,"{'C': 2614.0, 'S': 3.0}",,0.044375801597882424,0.4823024250852293,2609.0,0.9969430645777608,UGU,"{'UGC': 5.0, 'AGU': 3.0, 'UGU': 2609.0}"
291,2617.0,1.0,A,{'A': 2617.0},,0.11559842542316726,0.4539854054356952,2599.0,0.9931218952999618,GCG,"{'GCA': 16.0, 'GCC': 2.0, 'GCG': 2599.0}"
292,2617.0,1.0,F,{'F': 2617.0},,0.11559842542316726,0.4539854054356952,2617.0,1.0,UUC,{'UUC': 2617.0}
293,2617.0,1.0,L,{'L': 2617.0},,0.11559842542316726,0.4539854054356952,2617.0,1.0,CUG,{'CUG': 2617.0}
294,2615.0,0.9992357661444402,I,"{'I': 2615.0, 'V': 2.0}",,0.0681166762063107,0.47284637774801414,2609.0,0.9969430645777608,AUC,"{'AUA': 5.0, 'AUC': 2609.0, 'AUU': 1.0, 'GUU': 2.0}"
295,2617.0,1.0,A,{'A': 2617.0},,0.11559842542316726,0.4539854054356952,2612.0,0.9980894153611005,GCG,"{'GCA': 3.0, 'GCC': 2.0, 'GCG': 2612.0}"
296,2617.0,1.0,D,{'D': 2617.0},,0.11559842542316726,0.4539854054356952,2612.0,0.9980894153611005,GAU,"{'GAU': 2612.0, 'GAC': 5.0}"
297,2617.0,1.0,G,{'G': 2617.0},,0.11559842542316726,0.4539854054356952,2614.0,0.9988536492166603,GGC,"{'GGU': 3.0, 'GGC': 2614.0}"
298,2617.0,1.0,V,{'V': 2617.0},,0.11559842542316726,0.4539854054356952,2611.0,0.9977072984333206,GUA,"{'GUC': 4.0, 'GUA': 2611.0, 'GUG': 2.0}"
299,2615.0,0.9992357661444402,M,"{'I': 2.0, 'M': 2615.0}",,0.0681166762063107,0.47284637774801414,2615.0,0.9992357661444402,AUG,"{'AUC': 2.0, 'AUG': 2615.0}"
300,2617.0,1.0,P,{'P': 2617.0},,0.11559842542316726,0.4539854054356952,2614.0,0.9988536492166603,CCG,"{'CCG': 2614.0, 'CCA': 3.0}"
301,2616.0,0.9996178830722201,S,"{'A': 1.0, 'S': 2616.0}",,0.09185755081473898,0.4634056091777205,2614.0,0.9988536492166603,UCC,"{'UCG': 2.0, 'GCC': 1.0, 'UCC': 2614.0}"
302,2617.0,1.0,N,{'N': 2617.0},,0.11559842542316726,0.4539854054356952,1783.0,0.6813144822315629,AAU,"{'AAU': 1783.0, 'AAC': 834.0}"
303,2617.0,1.0,E,{'E': 2617.0},,0.11559842542316726,0.4539854054356952,2617.0,1.0,GAA,{'GAA': 2617.0}
304,2395.0,0.915170042032862,N,"{'S': 222.0, 'N': 2395.0}",,-5.154875737647973,1.2689958717318514e-07,2395.0,0.915170042032862,AAC,"{'AGC': 222.0, 'AAC': 2395.0}"
305,2617.0,1.0,R,{'R': 2617.0},,0.11559842542316726,0.4539854054356952,2615.0,0.9992357661444402,CGU,"{'CGC': 2.0, 'CGU': 2615.0}"
306,2617.0,1.0,G,{'G': 2617.0},,0.11559842542316726,0.4539854054356952,2615.0,0.9992357661444402,GGU,"{'GGU': 2615.0, 'GGC': 2.0}"
307,2617.0,1.0,Y,{'Y': 2617.0},,0.11559842542316726,0.4539854054356952,2615.0,0.9992357661444402,UAU,"{'UAC': 2.0, 'UAU': 2615.0}"
308,2617.0,1.0,V,{'V': 2617.0},,0.11559842542316726,0.4539854054356952,2615.0,0.9992357661444402,GUA,"{'GUA': 2615.0, 'GUG': 2.0}"
309,2617.0,1.0,L,{'L': 2617.0},,0.11559842542316726,0.4539854054356952,2617.0,1.0,CUG,{'CUG': 2617.0}
310,2617.0,1.0,R,{'R': 2617.0},,0.11559842542316726,0.4539854054356952,2617.0,1.0,CGU,{'CGU': 2617.0}
311,2617.0,1.0,R,{'R': 2617.0},,0.11559842542316726,0.4539854054356952,2617.0,1.0,CGU,{'CGU': 2617.0}
312,2617.0,1.0,I,{'I': 2617.0},,0.11559842542316726,0.4539854054356952,2615.0,0.9992357661444402,AUC,"{'AUA': 2.0, 'AUC': 2615.0}"
313,2617.0,1.0,I,{'I': 2617.0},,0.11559842542316726,0.4539854054356952,2617.0,1.0,AUU,{'AUU': 2617.0}
314,2617.0,1.0,R,{'R': 2617.0},,0.11559842542316726,0.4539854054356952,2615.0,0.9992357661444402,CGU,"{'CGC': 2.0, 'CGU': 2615.0}"
315,2617.0,1.0,R,{'R': 2617.0},,0.11559842542316726,0.4539854054356952,2616.0,0.9996178830722201,CGC,"{'CGC': 2616.0, 'CGU': 1.0}"
316,2617.0,1.0,A,{'A': 2617.0},,0.11559842542316726,0.4539854054356952,2609.0,0.9969430645777608,GCA,"{'GCA': 2609.0, 'GCG': 8.0}"
317,2614.0,0.9988536492166603,V,"{'I': 2.0, 'A': 1.0, 'V': 2614.0}",,0.044375801597882424,0.4823024250852293,2611.0,0.9977072984333206,GUG,"{'GUA': 3.0, 'GUG': 2611.0, 'AUC': 2.0, 'GCG': 1.0}"
318,2617.0,1.0,R,{'R': 2617.0},,0.11559842542316726,0.4539854054356952,2616.0,0.9996178830722201,CGU,"{'CGC': 1.0, 'CGU': 2616.0}"
319,2617.0,1.0,H,{'H': 2617.0},,0.11559842542316726,0.4539854054356952,2617.0,1.0,CAC,{'CAC': 2617.0}
320,2617.0,1.0,G,{'G': 2617.0},,0.11559842542316726,0.4539854054356952,1430.0,0.5464272067252579,GGC,"{'GGU': 1187.0, 'GGC': 1430.0}"
321,2617.0,1.0,N,{'N': 2617.0},,0.11559842542316726,0.4539854054356952,2615.0,0.9992357661444402,AAU,"{'AAU': 2615.0, 'AAC': 2.0}"
322,2617.0,1.0,M,{'M': 2617.0},,0.11559842542316726,0.4539854054356952,2617.0,1.0,AUG,{'AUG': 2617.0}
323,2612.0,0.9980894153611005,L,"{'L': 2612.0, 'F': 5.0}",,-0.003105947618974138,0.4987609081663141,2254.0,0.8612915552158961,CUC,"{'CUG': 296.0, 'CUU': 62.0, 'CUC': 2254.0, 'UUC': 5.0}"
324,2617.0,1.0,G,{'G': 2617.0},,0.11559842542316726,0.4539854054356952,2615.0,0.9992357661444402,GGC,"{'GGU': 2.0, 'GGC': 2615.0}"
325,2617.0,1.0,A,{'A': 2617.0},,0.11559842542316726,0.4539854054356952,2617.0,1.0,GCG,{'GCG': 2617.0}
326,2617.0,1.0,K,{'K': 2617.0},,0.11559842542316726,0.4539854054356952,2615.0,0.9992357661444402,AAA,"{'AAG': 2.0, 'AAA': 2615.0}"
327,2615.0,0.9992357661444402,E,"{'E': 2615.0, 'D': 2.0}",,0.0681166762063107,0.47284637774801414,2615.0,0.9992357661444402,GAA,"{'GAC': 2.0, 'GAA': 2615.0}"
328,2617.0,1.0,T,{'T': 2617.0},,0.11559842542316726,0.4539854054356952,2614.0,0.9988536492166603,ACC,"{'ACC': 2614.0, 'ACU': 3.0}"
329,2617.0,1.0,F,{'F': 2617.0},,0.11559842542316726,0.4539854054356952,2560.0,0.9782193351165457,UUC,"{'UUU': 57.0, 'UUC': 2560.0}"
330,2617.0,1.0,F,{'F': 2617.0},,0.11559842542316726,0.4539854054356952,2617.0,1.0,UUC,{'UUC': 2617.0}
331,2591.0,0.9900649598777226,Y,"{'Y': 2591.0, 'C': 24.0, 'W': 2.0}",,-0.5016643143959749,0.3079518353372245,2591.0,0.9900649598777226,UAC,"{'UGC': 24.0, 'UAC': 2591.0, 'UGG': 2.0}"
332,2617.0,1.0,K,{'K': 2617.0},,0.11559842542316726,0.4539854054356952,2614.0,0.9988536492166603,AAA,"{'AAG': 3.0, 'AAA': 2614.0}"
333,2617.0,1.0,L,{'L': 2617.0},,0.11559842542316726,0.4539854054356952,2617.0,1.0,CUG,{'CUG': 2617.0}
334,2617.0,1.0,V,{'V': 2617.0},,0.11559842542316726,0.4539854054356952,2614.0,0.9988536492166603,GUU,"{'GUG': 3.0, 'GUU': 2614.0}"
335,2615.0,0.9992357661444402,G,"{'A': 2.0, 'G': 2615.0}",,0.0681166762063107,0.47284637774801414,2612.0,0.9980894153611005,GGU,"{'GGU': 2612.0, 'GGG': 3.0, 'GCC': 2.0}"
336,2617.0,1.0,P,{'P': 2617.0},,0.11559842542316726,0.4539854054356952,2614.0,0.9988536492166603,CCG,"{'CCG': 2614.0, 'CCA': 3.0}"
337,2617.0,1.0,L,{'L': 2617.0},,0.11559842542316726,0.4539854054356952,2318.0,0.8857470385938097,CUG,"{'CUG': 2318.0, 'CUA': 299.0}"
338,2617.0,1.0,I,{'I': 2617.0},,0.11559842542316726,0.4539854054356952,2617.0,1.0,AUC,{'AUC': 2617.0}
339,2613.0,0.9984715322888804,D,"{'E': 3.0, 'D': 2613.0, 'G': 1.0}",,0.02063492698945414,0.4917684393417673,2611.0,0.9977072984333206,GAC,"{'GAG': 3.0, 'GAU': 2.0, 'GAC': 2611.0, 'GGC': 1.0}"
340,2617.0,1.0,V,{'V': 2617.0},,0.11559842542316726,0.4539854054356952,2354.0,0.8995032479938861,GUU,"{'GUC': 3.0, 'GUA': 251.0, 'GUG': 9.0, 'GUU': 2354.0}"
341,2617.0,1.0,M,{'M': 2617.0},,0.11559842542316726,0.4539854054356952,2617.0,1.0,AUG,{'AUG': 2617.0}
342,2617.0,1.0,G,{'G': 2617.0},,0.11559842542316726,0.4539854054356952,2616.0,0.9996178830722201,GGC,"{'GGU': 1.0, 'GGC': 2616.0}"
343,2617.0,1.0,S,{'S': 2617.0},,0.11559842542316726,0.4539854054356952,2615.0,0.9992357661444402,UCU,"{'UCU': 2615.0, 'UCC': 2.0}"
344,2617.0,1.0,A,{'A': 2617.0},,0.11559842542316726,0.4539854054356952,2600.0,0.9935040122277417,GCG,"{'GCA': 15.0, 'GCC': 2.0, 'GCG': 2600.0}"
345,2617.0,1.0,G,{'G': 2617.0},,0.11559842542316726,0.4539854054356952,2602.0,0.9942682460833014,GGU,"{'GGU': 2602.0, 'GGG': 3.0, 'GGC': 12.0}"
346,2615.0,0.9992357661444402,E,"{'E': 2615.0, 'D': 2.0}",,0.0681166762063107,0.47284637774801414,2615.0,0.9992357661444402,GAA,"{'GAC': 2.0, 'GAA': 2615.0}"
347,2615.0,0.9992357661444402,D,"{'E': 2.0, 'D': 2615.0}",,0.0681166762063107,0.47284637774801414,2615.0,0.9992357661444402,GAC,"{'GAG': 2.0, 'GAC': 2615.0}"
348,2617.0,1.0,L,{'L': 2617.0},,0.11559842542316726,0.4539854054356952,2617.0,1.0,CUG,{'CUG': 2617.0}
349,2617.0,1.0,K,{'K': 2617.0},,0.11559842542316726,0.4539854054356952,2613.0,0.9984715322888804,AAA,"{'AAG': 4.0, 'AAA': 2613.0}"
350,2615.0,0.9992357661444402,R,"{'Q': 2.0, 'R': 2615.0}",,0.0681166762063107,0.47284637774801414,2393.0,0.9144058081773022,CGC,"{'CGA': 222.0, 'CGC': 2393.0, 'CAG': 2.0}"
351,2617.0,1.0,Q,{'Q': 2617.0},,0.11559842542316726,0.4539854054356952,2614.0,0.9988536492166603,CAG,"{'CAA': 3.0, 'CAG': 2614.0}"
352,2617.0,1.0,Q,{'Q': 2617.0},,0.11559842542316726,0.4539854054356952,2611.0,0.9977072984333206,CAG,"{'CAA': 6.0, 'CAG': 2611.0}"
353,2617.0,1.0,A,{'A': 2617.0},,0.11559842542316726,0.4539854054356952,2606.0,0.9957967137944211,GCG,"{'GCA': 6.0, 'GCU': 5.0, 'GCG': 2606.0}"
354,2614.0,0.9988536492166603,Q,"{'Q': 2614.0, 'L': 3.0}",,0.044375801597882424,0.4823024250852293,2614.0,0.9988536492166603,CAG,"{'CUG': 3.0, 'CAG': 2614.0}"
355,2617.0,1.0,V,{'V': 2617.0},,0.11559842542316726,0.4539854054356952,2617.0,1.0,GUU,{'GUU': 2617.0}
356,2617.0,1.0,E,{'E': 2617.0},,0.11559842542316726,0.4539854054356952,2617.0,1.0,GAG,{'GAG': 2617.0}
357,2617.0,1.0,Q,{'Q': 2617.0},,0.11559842542316726,0.4539854054356952,2617.0,1.0,CAG,{'CAG': 2617.0}
358,2617.0,1.0,V,{'V': 2617.0},,0.11559842542316726,0.4539854054356952,2617.0,1.0,GUG,{'GUG': 2617.0}
359,2617.0,1.0,L,{'L': 2617.0},,0.11559842542316726,0.4539854054356952,2617.0,1.0,CUG,{'CUG': 2617.0}
360,2617.0,1.0,K,{'K': 2617.0},,0.11559842542316726,0.4539854054356952,2609.0,0.9969430645777608,AAG,"{'AAG': 2609.0, 'AAA': 8.0}"
361,2617.0,1.0,T,{'T': 2617.0},,0.11559842542316726,0.4539854054356952,2615.0,0.9992357661444402,ACU,"{'ACC': 2.0, 'ACU': 2615.0}"
362,2617.0,1.0,E,{'E': 2617.0},,0.11559842542316726,0.4539854054356952,2617.0,1.0,GAA,{'GAA': 2617.0}
363,2617.0,1.0,E,{'E': 2617.0},,0.11559842542316726,0.4539854054356952,2617.0,1.0,GAA,{'GAA': 2617.0}
364,2617.0,1.0,E,{'E': 2617.0},,0.11559842542316726,0.4539854054356952,2596.0,0.9919755445166221,GAG,"{'GAG': 2596.0, 'GAA': 21.0}"
365,2616.0,0.9996178830722201,Q,"{'Q': 2616.0, 'L': 1.0}",,0.09185755081473898,0.4634056091777205,2616.0,0.9996178830722201,CAG,"{'CUG': 1.0, 'CAG': 2616.0}"
366,2617.0,1.0,F,{'F': 2617.0},,0.11559842542316726,0.4539854054356952,2612.0,0.9980894153611005,UUU,"{'UUU': 2612.0, 'UUC': 5.0}"
367,2617.0,1.0,A,{'A': 2617.0},,0.11559842542316726,0.4539854054356952,2097.0,0.8012991975544517,GCC,"{'GCC': 2097.0, 'GCU': 514.0, 'GCG': 6.0}"
368,2617.0,1.0,R,{'R': 2617.0},,0.11559842542316726,0.4539854054356952,2610.0,0.9973251815055407,CGU,"{'CGA': 1.0, 'CGC': 6.0, 'CGU': 2610.0}"
369,2617.0,1.0,T,{'T': 2617.0},,0.11559842542316726,0.4539854054356952,2614.0,0.9988536492166603,ACU,"{'ACC': 3.0, 'ACU': 2614.0}"
370,2617.0,1.0,L,{'L': 2617.0},,0.11559842542316726,0.4539854054356952,2612.0,0.9980894153611005,CUG,"{'CUG': 2612.0, 'UUG': 3.0, 'CUC': 2.0}"
371,2616.0,0.9996178830722201,E,"{'E': 2616.0, 'V': 1.0}",,0.09185755081473898,0.4634056091777205,2616.0,0.9996178830722201,GAG,"{'GAG': 2616.0, 'GUG': 1.0}"
372,2617.0,1.0,R,{'R': 2617.0},,0.11559842542316726,0.4539854054356952,2616.0,0.9996178830722201,CGC,"{'CGA': 1.0, 'CGC': 2616.0}"
373,2617.0,1.0,G,{'G': 2617.0},,0.11559842542316726,0.4539854054356952,2615.0,0.9992357661444402,GGU,"{'GGU': 2615.0, 'GGC': 2.0}"
374,2617.0,1.0,L,{'L': 2617.0},,0.11559842542316726,0.4539854054356952,2617.0,1.0,CUG,{'CUG': 2617.0}
375,2617.0,1.0,A,{'A': 2617.0},,0.11559842542316726,0.4539854054356952,2617.0,1.0,GCG,{'GCG': 2617.0}
376,2617.0,1.0,L,{'L': 2617.0},,0.11559842542316726,0.4539854054356952,1538.0,0.5876958349254872,CUG,"{'CUG': 1538.0, 'UUG': 1077.0, 'CUA': 2.0}"
377,2617.0,1.0,L,{'L': 2617.0},,0.11559842542316726,0.4539854054356952,2617.0,1.0,CUG,{'CUG': 2617.0}
378,2617.0,1.0,D,{'D': 2617.0},,0.11559842542316726,0.4539854054356952,2501.0,0.9556744363775316,GAU,"{'GAU': 2501.0, 'GAC': 116.0}"
379,2617.0,1.0,E,{'E': 2617.0},,0.11559842542316726,0.4539854054356952,2615.0,0.9992357661444402,GAA,"{'GAG': 2.0, 'GAA': 2615.0}"
380,2617.0,1.0,E,{'E': 2617.0},,0.11559842542316726,0.4539854054356952,2617.0,1.0,GAG,{'GAG': 2617.0}
381,2617.0,1.0,L,{'L': 2617.0},,0.11559842542316726,0.4539854054356952,2614.0,0.9988536492166603,CUG,"{'CUG': 2614.0, 'UUA': 3.0}"
382,2615.0,0.9992357661444402,A,"{'A': 2615.0, 'S': 2.0}",,0.0681166762063107,0.47284637774801414,2605.0,0.9954145968666412,GCA,"{'GCA': 2605.0, 'UCG': 2.0, 'GCG': 10.0}"
383,2617.0,1.0,K,{'K': 2617.0},,0.11559842542316726,0.4539854054356952,2615.0,0.9992357661444402,AAA,"{'AAG': 2.0, 'AAA': 2615.0}"
384,2617.0,1.0,L,{'L': 2617.0},,0.11559842542316726,0.4539854054356952,2615.0,0.9992357661444402,CUU,"{'CUG': 2.0, 'CUU': 2615.0}"
385,2615.0,0.9992357661444402,S,"{'S': 2615.0, 'K': 2.0}",,0.0681166762063107,0.47284637774801414,2615.0,0.9992357661444402,UCU,"{'UCU': 2615.0, 'AAA': 2.0}"
386,2617.0,1.0,G,{'G': 2617.0},,0.11559842542316726,0.4539854054356952,2608.0,0.9965609476499809,GGU,"{'GGU': 2608.0, 'GGC': 9.0}"
387,2616.0,0.9996178830722201,D,"{'D': 2616.0, 'G': 1.0}",,0.09185755081473898,0.4634056091777205,2614.0,0.9988536492166603,GAU,"{'GGU': 1.0, 'GAU': 2614.0, 'GAC': 2.0}"
388,2617.0,1.0,T,{'T': 2617.0},,0.11559842542316726,0.4539854054356952,2615.0,0.9992357661444402,ACG,"{'ACC': 2.0, 'ACG': 2615.0}"
389,2617.0,1.0,L,{'L': 2617.0},,0.11559842542316726,0.4539854054356952,2617.0,1.0,CUG,{'CUG': 2617.0}
390,2617.0,1.0,D,{'D': 2617.0},,0.11559842542316726,0.4539854054356952,2615.0,0.9992357661444402,GAU,"{'GAU': 2615.0, 'GAC': 2.0}"
391,2617.0,1.0,G,{'G': 2617.0},,0.11559842542316726,0.4539854054356952,2509.0,0.9587313717997707,GGU,"{'GGU': 2509.0, 'GGG': 1.0, 'GGC': 107.0}"
392,2617.0,1.0,E,{'E': 2617.0},,0.11559842542316726,0.4539854054356952,2617.0,1.0,GAA,{'GAA': 2617.0}
393,2617.0,1.0,T,{'T': 2617.0},,0.11559842542316726,0.4539854054356952,1762.0,0.6732900267481849,ACU,"{'ACC': 13.0, 'ACG': 842.0, 'ACU': 1762.0}"
394,2617.0,1.0,A,{'A': 2617.0},,0.11559842542316726,0.4539854054356952,2615.0,0.9992357661444402,GCU,"{'GCC': 2.0, 'GCU': 2615.0}"
395,2617.0,1.0,F,{'F': 2617.0},,0.11559842542316726,0.4539854054356952,2617.0,1.0,UUC,{'UUC': 2617.0}
396,2617.0,1.0,R,{'R': 2617.0},,0.11559842542316726,0.4539854054356952,1735.0,0.6629728696981276,CGU,"{'CGC': 881.0, 'CGU': 1735.0, 'CGG': 1.0}"
397,2617.0,1.0,L,{'L': 2617.0},,0.11559842542316726,0.4539854054356952,2584.0,0.9873901413832633,CUG,"{'CUG': 2584.0, 'UUG': 33.0}"
398,2617.0,1.0,Y,{'Y': 2617.0},,0.11559842542316726,0.4539854054356952,2614.0,0.9988536492166603,UAC,"{'UAC': 2614.0, 'UAU': 3.0}"
399,2617.0,1.0,D,{'D': 2617.0},,0.11559842542316726,0.4539854054356952,2614.0,0.9988536492166603,GAC,"{'GAU': 3.0, 'GAC': 2614.0}"
400,2617.0,1.0,T,{'T': 2617.0},,0.11559842542316726,0.4539854054356952,2614.0,0.9988536492166603,ACC,"{'ACC': 2614.0, 'ACU': 3.0}"
401,2617.0,1.0,Y,{'Y': 2617.0},,0.11559842542316726,0.4539854054356952,1431.0,0.5468093236530378,UAU,"{'UAC': 1186.0, 'UAU': 1431.0}"
402,2617.0,1.0,G,{'G': 2617.0},,0.11559842542316726,0.4539854054356952,2592.0,0.9904470768055025,GGC,"{'GGU': 25.0, 'GGC': 2592.0}"
403,2617.0,1.0,F,{'F': 2617.0},,0.11559842542316726,0.4539854054356952,2617.0,1.0,UUC,{'UUC': 2617.0}
404,2617.0,1.0,P,{'P': 2617.0},,0.11559842542316726,0.4539854054356952,2610.0,0.9973251815055407,CCG,"{'CCU': 4.0, 'CCG': 2610.0, 'CCA': 3.0}"
405,2617.0,1.0,V,{'V': 2617.0},,0.11559842542316726,0.4539854054356952,2615.0,0.9992357661444402,GUU,"{'GUC': 2.0, 'GUU': 2615.0}"
406,2617.0,1.0,D,{'D': 2617.0},,0.11559842542316726,0.4539854054356952,2615.0,0.9992357661444402,GAC,"{'GAU': 2.0, 'GAC': 2615.0}"
407,2617.0,1.0,L,{'L': 2617.0},,0.11559842542316726,0.4539854054356952,2615.0,0.9992357661444402,CUG,"{'CUG': 2615.0, 'CUA': 2.0}"
408,2617.0,1.0,T,{'T': 2617.0},,0.11559842542316726,0.4539854054356952,2584.0,0.9873901413832633,ACG,"{'ACC': 2.0, 'ACG': 2584.0, 'ACU': 31.0}"
409,2617.0,1.0,A,{'A': 2617.0},,0.11559842542316726,0.4539854054356952,2615.0,0.9992357661444402,GCU,"{'GCC': 2.0, 'GCU': 2615.0}"
410,2617.0,1.0,D,{'D': 2617.0},,0.11559842542316726,0.4539854054356952,1974.0,0.7542988154375239,GAU,"{'GAU': 1974.0, 'GAC': 643.0}"
411,2617.0,1.0,V,{'V': 2617.0},,0.11559842542316726,0.4539854054356952,2615.0,0.9992357661444402,GUU,"{'GUG': 2.0, 'GUU': 2615.0}"
412,2617.0,1.0,C,{'C': 2617.0},,0.11559842542316726,0.4539854054356952,2105.0,0.8043561329766908,UGU,"{'UGC': 512.0, 'UGU': 2105.0}"
413,2617.0,1.0,R,{'R': 2617.0},,0.11559842542316726,0.4539854054356952,2614.0,0.9988536492166603,CGU,"{'CGC': 2.0, 'CGU': 2614.0, 'CGG': 1.0}"
414,2617.0,1.0,E,{'E': 2617.0},,0.11559842542316726,0.4539854054356952,2611.0,0.9977072984333206,GAG,"{'GAG': 2611.0, 'GAA': 6.0}"
415,2617.0,1.0,R,{'R': 2617.0},,0.11559842542316726,0.4539854054356952,2617.0,1.0,CGC,{'CGC': 2617.0}
416,2617.0,1.0,N,{'N': 2617.0},,0.11559842542316726,0.4539854054356952,2617.0,1.0,AAC,{'AAC': 2617.0}
417,2617.0,1.0,I,{'I': 2617.0},,0.11559842542316726,0.4539854054356952,2617.0,1.0,AUC,{'AUC': 2617.0}
418,2617.0,1.0,K,{'K': 2617.0},,0.11559842542316726,0.4539854054356952,2614.0,0.9988536492166603,AAA,"{'AAG': 3.0, 'AAA': 2614.0}"
419,2617.0,1.0,V,{'V': 2617.0},,0.11559842542316726,0.4539854054356952,2614.0,0.9988536492166603,GUU,"{'GUC': 3.0, 'GUU': 2614.0}"
420,2617.0,1.0,D,{'D': 2617.0},,0.11559842542316726,0.4539854054356952,2612.0,0.9980894153611005,GAC,"{'GAU': 5.0, 'GAC': 2612.0}"
421,2617.0,1.0,E,{'E': 2617.0},,0.11559842542316726,0.4539854054356952,2617.0,1.0,GAA,{'GAA': 2617.0}
422,2609.0,0.9969430645777608,A,"{'A': 2609.0, 'V': 8.0}",,-0.07432857144425897,0.47037447159040763,2606.0,0.9957967137944211,GCU,"{'GCC': 3.0, 'GCU': 2606.0, 'GUU': 8.0}"
423,2614.0,0.9988536492166603,G,"{'C': 3.0, 'G': 2614.0}",,0.044375801597882424,0.4823024250852293,2479.0,0.9472678639663737,GGU,"{'GGU': 2479.0, 'GGG': 1.0, 'GGA': 131.0, 'GGC': 3.0, 'UGU': 3.0}"
424,2617.0,1.0,F,{'F': 2617.0},,0.11559842542316726,0.4539854054356952,2352.0,0.8987390141383264,UUU,"{'UUU': 2352.0, 'UUC': 265.0}"
425,2081.0,0.7951853267099732,E,"{'E': 2081.0, 'D': 536.0}",,-12.609510364694536,9.357605189532749e-37,2081.0,0.7951853267099732,GAA,"{'GAC': 536.0, 'GAA': 2081.0}"
426,2617.0,1.0,A,{'A': 2617.0},,0.11559842542316726,0.4539854054356952,2399.0,0.9166985097439817,GCA,"{'GCA': 2399.0, 'GCC': 2.0, 'GCU': 216.0}"
427,2617.0,1.0,A,{'A': 2617.0},,0.11559842542316726,0.4539854054356952,2615.0,0.9992357661444402,GCA,"{'GCA': 2615.0, 'GCG': 2.0}"
428,2617.0,1.0,M,{'M': 2617.0},,0.11559842542316726,0.4539854054356952,2617.0,1.0,AUG,{'AUG': 2617.0}
429,2617.0,1.0,E,{'E': 2617.0},,0.11559842542316726,0.4539854054356952,2617.0,1.0,GAA,{'GAA': 2617.0}
430,2617.0,1.0,E,{'E': 2617.0},,0.11559842542316726,0.4539854054356952,2617.0,1.0,GAG,{'GAG': 2617.0}
431,2617.0,1.0,Q,{'Q': 2617.0},,0.11559842542316726,0.4539854054356952,2617.0,1.0,CAG,{'CAG': 2617.0}
432,2617.0,1.0,R,{'R': 2617.0},,0.11559842542316726,0.4539854054356952,2612.0,0.9980894153611005,CGU,"{'CGC': 5.0, 'CGU': 2612.0}"
433,2617.0,1.0,R,{'R': 2617.0},,0.11559842542316726,0.4539854054356952,2615.0,0.9992357661444402,CGU,"{'CGC': 2.0, 'CGU': 2615.0}"
434,2617.0,1.0,R,{'R': 2617.0},,0.11559842542316726,0.4539854054356952,1449.0,0.553687428353076,CGU,"{'CGC': 922.0, 'CGU': 1449.0, 'CGG': 246.0}"
435,2617.0,1.0,A,{'A': 2617.0},,0.11559842542316726,0.4539854054356952,2613.0,0.9984715322888804,GCG,"{'GCA': 3.0, 'GCC': 1.0, 'GCG': 2613.0}"
436,2617.0,1.0,R,{'R': 2617.0},,0.11559842542316726,0.4539854054356952,2614.0,0.9988536492166603,CGC,"{'CGC': 2614.0, 'CGU': 3.0}"
437,2617.0,1.0,E,{'E': 2617.0},,0.11559842542316726,0.4539854054356952,2615.0,0.9992357661444402,GAA,"{'GAG': 2.0, 'GAA': 2615.0}"
438,2615.0,0.9992357661444402,A,"{'A': 2615.0, 'S': 2.0}",,0.0681166762063107,0.47284637774801414,2615.0,0.9992357661444402,GCC,"{'GCC': 2615.0, 'UCC': 2.0}"
439,2617.0,1.0,S,{'S': 2617.0},,0.11559842542316726,0.4539854054356952,2612.0,0.9980894153611005,AGC,"{'AGU': 5.0, 'AGC': 2612.0}"
440,2617.0,1.0,G,{'G': 2617.0},,0.11559842542316726,0.4539854054356952,2613.0,0.9984715322888804,GGC,"{'GGU': 4.0, 'GGC': 2613.0}"
441,2617.0,1.0,F,{'F': 2617.0},,0.11559842542316726,0.4539854054356952,2615.0,0.9992357661444402,UUU,"{'UUU': 2615.0, 'UUC': 2.0}"
442,2617.0,1.0,G,{'G': 2617.0},,0.11559842542316726,0.4539854054356952,2611.0,0.9977072984333206,GGU,"{'GGU': 2611.0, 'GGG': 1.0, 'GGC': 5.0}"
443,2616.0,0.9996178830722201,A,"{'A': 2616.0, 'S': 1.0}",,0.09185755081473898,0.4634056091777205,2279.0,0.8708444784103936,GCC,"{'GCA': 331.0, 'UCC': 1.0, 'GCC': 2279.0, 'GCU': 6.0}"
444,2617.0,1.0,D,{'D': 2617.0},,0.11559842542316726,0.4539854054356952,2615.0,0.9992357661444402,GAU,"{'GAU': 2615.0, 'GAC': 2.0}"
445,2617.0,1.0,Y,{'Y': 2617.0},,0.11559842542316726,0.4539854054356952,2613.0,0.9984715322888804,UAC,"{'UAC': 2613.0, 'UAU': 4.0}"
446,2617.0,1.0,N,{'N': 2617.0},,0.11559842542316726,0.4539854054356952,2615.0,0.9992357661444402,AAC,"{'AAU': 2.0, 'AAC': 2615.0}"
447,2617.0,1.0,A,{'A': 2617.0},,0.11559842542316726,0.4539854054356952,2612.0,0.9980894153611005,GCA,"{'GCA': 2612.0, 'GCG': 5.0}"
448,2617.0,1.0,M,{'M': 2617.0},,0.11559842542316726,0.4539854054356952,2617.0,1.0,AUG,{'AUG': 2617.0}
449,2617.0,1.0,I,{'I': 2617.0},,0.11559842542316726,0.4539854054356952,2617.0,1.0,AUC,{'AUC': 2617.0}
450,2617.0,1.0,R,{'R': 2617.0},,0.11559842542316726,0.4539854054356952,2615.0,0.9992357661444402,CGU,"{'CGC': 2.0, 'CGU': 2615.0}"
451,2616.0,0.9996178830722201,V,"{'G': 1.0, 'V': 2616.0}",,0.09185755081473898,0.4634056091777205,2616.0,0.9996178830722201,GUU,"{'GGU': 1.0, 'GUU': 2616.0}"
452,2608.0,0.9965609476499809,D,"{'D': 2608.0, 'N': 9.0}",,-0.09806944605268726,0.46093857453193393,2046.0,0.7818112342376767,GAC,"{'GAU': 562.0, 'GAC': 2046.0, 'AAC': 9.0}"
453,2614.0,0.9988536492166603,S,"{'S': 2614.0, 'R': 1.0, 'G': 2.0}",,0.044375801597882424,0.4823024250852293,2496.0,0.953763851738632,AGU,"{'AGG': 1.0, 'AGU': 2496.0, 'AGC': 118.0, 'GGC': 2.0}"
454,2617.0,1.0,A,{'A': 2617.0},,0.11559842542316726,0.4539854054356952,2612.0,0.9980894153611005,GCA,"{'GCA': 2612.0, 'GCC': 2.0, 'GCU': 3.0}"
455,2617.0,1.0,S,{'S': 2617.0},,0.11559842542316726,0.4539854054356952,2617.0,1.0,UCU,{'UCU': 2617.0}
456,2617.0,1.0,E,{'E': 2617.0},,0.11559842542316726,0.4539854054356952,2617.0,1.0,GAA,{'GAA': 2617.0}
457,2617.0,1.0,F,{'F': 2617.0},,0.11559842542316726,0.4539854054356952,2617.0,1.0,UUU,{'UUU': 2617.0}
458,2617.0,1.0,K,{'K': 2617.0},,0.11559842542316726,0.4539854054356952,2617.0,1.0,AAA,{'AAA': 2617.0}
459,2617.0,1.0,G,{'G': 2617.0},,0.11559842542316726,0.4539854054356952,2617.0,1.0,GGC,{'GGC': 2617.0}
460,2617.0,1.0,Y,{'Y': 2617.0},,0.11559842542316726,0.4539854054356952,2615.0,0.9992357661444402,UAU,"{'UAC': 2.0, 'UAU': 2615.0}"
461,2616.0,0.9996178830722201,D,"{'A': 1.0, 'D': 2616.0}",,0.09185755081473898,0.4634056091777205,2614.0,0.9988536492166603,GAC,"{'GAU': 2.0, 'GAC': 2614.0, 'GCC': 1.0}"
462,2617.0,1.0,H,{'H': 2617.0},,0.11559842542316726,0.4539854054356952,2617.0,1.0,CAU,{'CAU': 2617.0}
463,2617.0,1.0,L,{'L': 2617.0},,0.11559842542316726,0.4539854054356952,2617.0,1.0,CUG,{'CUG': 2617.0}
464,2617.0,1.0,E,{'E': 2617.0},,0.11559842542316726,0.4539854054356952,2615.0,0.9992357661444402,GAA,"{'GAG': 2.0, 'GAA': 2615.0}"
465,2617.0,1.0,L,{'L': 2617.0},,0.11559842542316726,0.4539854054356952,2617.0,1.0,CUG,{'CUG': 2617.0}
466,2617.0,1.0,N,{'N': 2617.0},,0.11559842542316726,0.4539854054356952,2617.0,1.0,AAC,{'AAC': 2617.0}
467,2617.0,1.0,G,{'G': 2617.0},,0.11559842542316726,0.4539854054356952,2606.0,0.9957967137944211,GGC,"{'GGU': 11.0, 'GGC': 2606.0}"
468,2617.0,1.0,K,{'K': 2617.0},,0.11559842542316726,0.4539854054356952,2615.0,0.9992357661444402,AAA,"{'AAG': 2.0, 'AAA': 2615.0}"
469,2616.0,0.9996178830722201,V,"{'G': 1.0, 'V': 2616.0}",,0.09185755081473898,0.4634056091777205,2613.0,0.9984715322888804,GUG,"{'GGG': 1.0, 'GUG': 2613.0, 'GUA': 1.0, 'GUU': 2.0}"
470,2617.0,1.0,T,{'T': 2617.0},,0.11559842542316726,0.4539854054356952,2082.0,0.7955674436377531,ACC,"{'ACC': 2082.0, 'ACU': 535.0}"
471,2617.0,1.0,A,{'A': 2617.0},,0.11559842542316726,0.4539854054356952,2612.0,0.9980894153611005,GCG,"{'GCA': 3.0, 'GCC': 2.0, 'GCG': 2612.0}"
472,2617.0,1.0,L,{'L': 2617.0},,0.11559842542316726,0.4539854054356952,2617.0,1.0,CUG,{'CUG': 2617.0}
473,2617.0,1.0,F,{'F': 2617.0},,0.11559842542316726,0.4539854054356952,2617.0,1.0,UUU,{'UUU': 2617.0}
474,2615.0,0.9992357661444402,V,"{'I': 2.0, 'V': 2615.0}",,0.0681166762063107,0.47284637774801414,2615.0,0.9992357661444402,GUU,"{'AUC': 2.0, 'GUU': 2615.0}"
475,2617.0,1.0,D,{'D': 2617.0},,0.11559842542316726,0.4539854054356952,2615.0,0.9992357661444402,GAU,"{'GAU': 2615.0, 'GAC': 2.0}"
476,2617.0,1.0,G,{'G': 2617.0},,0.11559842542316726,0.4539854054356952,2611.0,0.9977072984333206,GGU,"{'GGU': 2611.0, 'GGG': 1.0, 'GGC': 5.0}"
477,2617.0,1.0,K,{'K': 2617.0},,0.11559842542316726,0.4539854054356952,2617.0,1.0,AAA,{'AAA': 2617.0}
478,2224.0,0.8498280473824991,A,"{'A': 2224.0, 'S': 393.0}",,-9.21456529568925,1.5627105536724225e-20,2221.0,0.8486816965991594,GCG,"{'UCG': 393.0, 'GCU': 3.0, 'GCG': 2221.0}"
479,2617.0,1.0,V,{'V': 2617.0},,0.11559842542316726,0.4539854054356952,2615.0,0.9992357661444402,GUU,"{'GUG': 2.0, 'GUU': 2615.0}"
480,2617.0,1.0,D,{'D': 2617.0},,0.11559842542316726,0.4539854054356952,2615.0,0.9992357661444402,GAU,"{'GAU': 2615.0, 'GAC': 2.0}"
481,2615.0,0.9992357661444402,A,"{'A': 2615.0, 'S': 2.0}",,0.0681166762063107,0.47284637774801414,2521.0,0.9633167749331295,GCC,"{'GCA': 94.0, 'GCC': 2521.0, 'AGC': 2.0}"
482,2586.0,0.9881543752388231,I,"{'I': 2586.0, 'V': 31.0}",,-0.6203686874381164,0.26750754135080573,2578.0,0.9850974398165838,AUC,"{'GUC': 29.0, 'AUC': 2578.0, 'AUU': 8.0, 'GUU': 2.0}"
483,2615.0,0.9992357661444402,N,"{'S': 2.0, 'N': 2615.0}",,0.0681166762063107,0.47284637774801414,2615.0,0.9992357661444402,AAU,"{'AAU': 2615.0, 'AGC': 2.0}"
484,2617.0,1.0,A,{'A': 2617.0},,0.11559842542316726,0.4539854054356952,2606.0,0.9957967137944211,GCA,"{'GCA': 2606.0, 'GCC': 9.0, 'GCU': 2.0}"
485,2617.0,1.0,G,{'G': 2617.0},,0.11559842542316726,0.4539854054356952,2616.0,0.9996178830722201,GGC,"{'GGU': 1.0, 'GGC': 2616.0}"
486,2617.0,1.0,Q,{'Q': 2617.0},,0.11559842542316726,0.4539854054356952,2617.0,1.0,CAG,{'CAG': 2617.0}
487,2615.0,0.9992357661444402,E,"{'E': 2615.0, 'D': 2.0}",,0.0681166762063107,0.47284637774801414,2614.0,0.9988536492166603,GAA,"{'GAG': 1.0, 'GAU': 2.0, 'GAA': 2614.0}"
488,2617.0,1.0,A,{'A': 2617.0},,0.11559842542316726,0.4539854054356952,2598.0,0.9927397783721819,GCU,"{'GCU': 2598.0, 'GCG': 19.0}"
489,2617.0,1.0,V,{'V': 2617.0},,0.11559842542316726,0.4539854054356952,2595.0,0.9915934275888422,GUG,"{'GUA': 18.0, 'GUG': 2595.0, 'GUU': 4.0}"
490,2617.0,1.0,V,{'V': 2617.0},,0.11559842542316726,0.4539854054356952,2612.0,0.9980894153611005,GUC,"{'GUC': 2612.0, 'GUG': 2.0, 'GUU': 3.0}"
491,2615.0,0.9992357661444402,V,"{'I': 2.0, 'V': 2615.0}",,0.0681166762063107,0.47284637774801414,2612.0,0.9980894153611005,GUG,"{'GUA': 3.0, 'GUG': 2612.0, 'AUC': 2.0}"
492,2617.0,1.0,L,{'L': 2617.0},,0.11559842542316726,0.4539854054356952,2605.0,0.9954145968666412,CUG,"{'CUG': 2605.0, 'CUU': 2.0, 'CUA': 10.0}"
493,2614.0,0.9988536492166603,D,"{'E': 3.0, 'D': 2614.0}",,0.044375801597882424,0.4823024250852293,2612.0,0.9980894153611005,GAU,"{'GAG': 3.0, 'GAU': 2612.0, 'GAC': 2.0}"
494,2617.0,1.0,Q,{'Q': 2617.0},,0.11559842542316726,0.4539854054356952,2615.0,0.9992357661444402,CAA,"{'CAA': 2615.0, 'CAG': 2.0}"
495,2617.0,1.0,T,{'T': 2617.0},,0.11559842542316726,0.4539854054356952,2182.0,0.8337791364157432,ACG,"{'ACC': 2.0, 'ACA': 433.0, 'ACG': 2182.0}"
496,2617.0,1.0,P,{'P': 2617.0},,0.11559842542316726,0.4539854054356952,2615.0,0.9992357661444402,CCA,"{'CCG': 2.0, 'CCA': 2615.0}"
497,2616.0,0.9996178830722201,F,"{'Y': 1.0, 'F': 2616.0}",,0.09185755081473898,0.4634056091777205,2616.0,0.9996178830722201,UUC,"{'UAC': 1.0, 'UUC': 2616.0}"
498,2617.0,1.0,Y,{'Y': 2617.0},,0.11559842542316726,0.4539854054356952,2617.0,1.0,UAU,{'UAU': 2617.0}
499,2617.0,1.0,A,{'A': 2617.0},,0.11559842542316726,0.4539854054356952,2609.0,0.9969430645777608,GCG,"{'GCA': 7.0, 'GCU': 1.0, 'GCG': 2609.0}"
500,2617.0,1.0,E,{'E': 2617.0},,0.11559842542316726,0.4539854054356952,2615.0,0.9992357661444402,GAA,"{'GAG': 2.0, 'GAA': 2615.0}"
501,2617.0,1.0,S,{'S': 2617.0},,0.11559842542316726,0.4539854054356952,2607.0,0.996178830722201,UCC,"{'UCU': 7.0, 'UCC': 2607.0, 'UCA': 3.0}"
502,2616.0,0.9996178830722201,G,"{'C': 1.0, 'G': 2616.0}",,0.09185755081473898,0.4634056091777205,2616.0,0.9996178830722201,GGC,"{'UGC': 1.0, 'GGC': 2616.0}"
503,2617.0,1.0,G,{'G': 2617.0},,0.11559842542316726,0.4539854054356952,2612.0,0.9980894153611005,GGU,"{'GGU': 2612.0, 'GGC': 5.0}"
504,2617.0,1.0,Q,{'Q': 2617.0},,0.11559842542316726,0.4539854054356952,2617.0,1.0,CAG,{'CAG': 2617.0}
505,2617.0,1.0,V,{'V': 2617.0},,0.11559842542316726,0.4539854054356952,2615.0,0.9992357661444402,GUU,"{'GUG': 2.0, 'GUU': 2615.0}"
506,2617.0,1.0,G,{'G': 2617.0},,0.11559842542316726,0.4539854054356952,2261.0,0.8639663737103553,GGU,"{'GGU': 2261.0, 'GGG': 1.0, 'GGC': 355.0}"
507,2617.0,1.0,D,{'D': 2617.0},,0.11559842542316726,0.4539854054356952,2617.0,1.0,GAU,{'GAU': 2617.0}
508,2617.0,1.0,K,{'K': 2617.0},,0.11559842542316726,0.4539854054356952,2617.0,1.0,AAA,{'AAA': 2617.0}
509,2617.0,1.0,G,{'G': 2617.0},,0.11559842542316726,0.4539854054356952,2617.0,1.0,GGC,{'GGC': 2617.0}
510,2617.0,1.0,E,{'E': 2617.0},,0.11559842542316726,0.4539854054356952,2616.0,0.9996178830722201,GAA,"{'GAG': 1.0, 'GAA': 2616.0}"
511,2617.0,1.0,L,{'L': 2617.0},,0.11559842542316726,0.4539854054356952,2613.0,0.9984715322888804,CUG,"{'CUG': 2613.0, 'UUG': 2.0, 'UUA': 2.0}"
512,2617.0,1.0,K,{'K': 2617.0},,0.11559842542316726,0.4539854054356952,2617.0,1.0,AAA,{'AAA': 2617.0}
513,2611.0,0.9977072984333206,G,"{'D': 6.0, 'G': 2611.0}",,-0.02684682222740242,0.4892909539620003,2610.0,0.9973251815055407,GGC,"{'GGA': 1.0, 'GAC': 6.0, 'GGC': 2610.0}"
514,2440.0,0.9323653037829576,A,"{'A': 2440.0, 'T': 173.0, 'V': 4.0}",,-4.0865363802686865,2.1893042698994753e-05,2432.0,0.9293083683607184,GCU,"{'GCA': 6.0, 'GCG': 2.0, 'GCU': 2432.0, 'GUU': 4.0, 'ACU': 173.0}"
515,2611.0,0.9977072984333206,N,"{'S': 3.0, 'K': 1.0, 'G': 2.0, 'N': 2611.0}",,-0.02684682222740242,0.4892909539620003,2607.0,0.996178830722201,AAC,"{'AAU': 4.0, 'AAA': 1.0, 'AGC': 3.0, 'GGC': 2.0, 'AAC': 2607.0}"
516,2617.0,1.0,F,{'F': 2617.0},,0.11559842542316726,0.4539854054356952,2616.0,0.9996178830722201,UUC,"{'UUU': 1.0, 'UUC': 2616.0}"
517,2617.0,1.0,S,{'S': 2617.0},,0.11559842542316726,0.4539854054356952,2613.0,0.9984715322888804,UCC,"{'UCU': 4.0, 'UCC': 2613.0}"
518,2617.0,1.0,F,{'F': 2617.0},,0.11559842542316726,0.4539854054356952,1868.0,0.7137944210928544,UUC,"{'UUU': 749.0, 'UUC': 1868.0}"
519,2385.0,0.911348872755063,A,"{'A': 2385.0, 'V': 232.0}",,-5.392284483732255,3.478375647871069e-08,2383.0,0.9105846388995033,GCG,"{'GCA': 2.0, 'GUG': 232.0, 'GCG': 2383.0}"
520,2615.0,0.9992357661444402,V,"{'G': 2.0, 'V': 2615.0}",,0.0681166762063107,0.47284637774801414,2610.0,0.9973251815055407,GUG,"{'GUC': 1.0, 'GUA': 3.0, 'GUG': 2610.0, 'GGG': 2.0, 'GUU': 1.0}"
521,2615.0,0.9992357661444402,E,"{'S': 2.0, 'E': 2615.0}",,0.0681166762063107,0.47284637774801414,2615.0,0.9992357661444402,GAA,"{'AGC': 2.0, 'GAA': 2615.0}"
522,2617.0,1.0,D,{'D': 2617.0},,0.11559842542316726,0.4539854054356952,2612.0,0.9980894153611005,GAU,"{'GAU': 2612.0, 'GAC': 5.0}"
523,2616.0,0.9996178830722201,T,"{'M': 1.0, 'T': 2616.0}",,0.09185755081473898,0.4634056091777205,2477.0,0.946503630110814,ACG,"{'ACG': 2477.0, 'AUG': 1.0, 'ACU': 139.0}"
524,2617.0,1.0,Q,{'Q': 2617.0},,0.11559842542316726,0.4539854054356952,2614.0,0.9988536492166603,CAG,"{'CAA': 3.0, 'CAG': 2614.0}"
525,2617.0,1.0,K,{'K': 2617.0},,0.11559842542316726,0.4539854054356952,2615.0,0.9992357661444402,AAA,"{'AAG': 2.0, 'AAA': 2615.0}"
526,2617.0,1.0,Y,{'Y': 2617.0},,0.11559842542316726,0.4539854054356952,2617.0,1.0,UAC,{'UAC': 2617.0}
527,2617.0,1.0,G,{'G': 2617.0},,0.11559842542316726,0.4539854054356952,2617.0,1.0,GGC,{'GGC': 2617.0}
528,2617.0,1.0,Q,{'Q': 2617.0},,0.11559842542316726,0.4539854054356952,2617.0,1.0,CAG,{'CAG': 2617.0}
529,2617.0,1.0,A,{'A': 2617.0},,0.11559842542316726,0.4539854054356952,2613.0,0.9984715322888804,GCG,"{'GCA': 1.0, 'GCU': 3.0, 'GCG': 2613.0}"
530,2617.0,1.0,I,{'I': 2617.0},,0.11559842542316726,0.4539854054356952,2614.0,0.9988536492166603,AUU,"{'AUA': 3.0, 'AUU': 2614.0}"
531,2617.0,1.0,G,{'G': 2617.0},,0.11559842542316726,0.4539854054356952,2413.0,0.9220481467329003,GGU,"{'GGU': 2413.0, 'GGC': 204.0}"
532,2617.0,1.0,H,{'H': 2617.0},,0.11559842542316726,0.4539854054356952,2614.0,0.9988536492166603,CAC,"{'CAC': 2614.0, 'CAU': 3.0}"
533,2617.0,1.0,I,{'I': 2617.0},,0.11559842542316726,0.4539854054356952,2617.0,1.0,AUC,{'AUC': 2617.0}
534,2617.0,1.0,G,{'G': 2617.0},,0.11559842542316726,0.4539854054356952,2617.0,1.0,GGU,{'GGU': 2617.0}
535,2617.0,1.0,K,{'K': 2617.0},,0.11559842542316726,0.4539854054356952,2617.0,1.0,AAA,{'AAA': 2617.0}
536,2615.0,0.9992357661444402,L,"{'L': 2615.0, 'V': 2.0}",,0.0681166762063107,0.47284637774801414,2615.0,0.9992357661444402,CUU,"{'GUC': 2.0, 'CUU': 2615.0}"
537,2617.0,1.0,A,{'A': 2617.0},,0.11559842542316726,0.4539854054356952,2615.0,0.9992357661444402,GCU,"{'GCC': 2.0, 'GCU': 2615.0}"
538,2162.0,0.8261367978601452,A,"{'A': 2162.0, 'S': 2.0, 'T': 136.0, 'V': 317.0}",,-10.686499521411823,5.886544590592308e-27,2160.0,0.8253725640045854,GCG,"{'GCA': 2.0, 'ACG': 136.0, 'GUG': 317.0, 'GCG': 2160.0, 'AGC': 2.0}"
539,2617.0,1.0,G,{'G': 2617.0},,0.11559842542316726,0.4539854054356952,2614.0,0.9988536492166603,GGU,"{'GGU': 2614.0, 'GGG': 1.0, 'GGC': 2.0}"
540,2616.0,0.9996178830722201,S,"{'S': 2616.0, 'F': 1.0}",,0.09185755081473898,0.4634056091777205,2614.0,0.9988536492166603,UCU,"{'UUU': 1.0, 'UCU': 2614.0, 'UCC': 1.0, 'UCA': 1.0}"
541,2617.0,1.0,L,{'L': 2617.0},,0.11559842542316726,0.4539854054356952,2617.0,1.0,CUG,{'CUG': 2617.0}
542,2615.0,0.9992357661444402,-,"{'K': 2.0, '-': 2615.0}",,0.0681166762063107,0.47284637774801414,2615.0,0.9992357661444402,-,"{'AAA': 2.0, '-': 2615.0}"
543,2615.0,0.9992357661444402,-,"{'-': 2615.0, 'V': 2.0}",,0.0681166762063107,0.47284637774801414,2615.0,0.9992357661444402,-,"{'GUG': 2.0, '-': 2615.0}"
544,2617.0,1.0,K,{'K': 2617.0},,0.11559842542316726,0.4539854054356952,2617.0,1.0,AAA,{'AAA': 2617.0}
545,2617.0,1.0,V,{'V': 2617.0},,0.11559842542316726,0.4539854054356952,2553.0,0.9755445166220864,GUG,"{'GUA': 64.0, 'GUG': 2553.0}"
546,2617.0,1.0,G,{'G': 2617.0},,0.11559842542316726,0.4539854054356952,2615.0,0.9992357661444402,GGC,"{'GGU': 2.0, 'GGC': 2615.0}"
547,2617.0,1.0,D,{'D': 2617.0},,0.11559842542316726,0.4539854054356952,2617.0,1.0,GAC,{'GAC': 2617.0}
548,2617.0,1.0,A,{'A': 2617.0},,0.11559842542316726,0.4539854054356952,1932.0,0.7382499044707681,GCU,"{'GCU': 1932.0, 'GCG': 685.0}"
549,2617.0,1.0,V,{'V': 2617.0},,0.11559842542316726,0.4539854054356952,2615.0,0.9992357661444402,GUG,"{'GUG': 2615.0, 'GUU': 2.0}"
550,2617.0,1.0,Q,{'Q': 2617.0},,0.11559842542316726,0.4539854054356952,2617.0,1.0,CAG,{'CAG': 2617.0}
551,2615.0,0.9992357661444402,A,"{'A': 2615.0, 'T': 2.0}",,0.0681166762063107,0.47284637774801414,2490.0,0.9514711501719526,GCU,"{'GCC': 5.0, 'GCU': 2490.0, 'ACU': 2.0, 'GCG': 120.0}"
552,2617.0,1.0,D,{'D': 2617.0},,0.11559842542316726,0.4539854054356952,2615.0,0.9992357661444402,GAU,"{'GAU': 2615.0, 'GAC': 2.0}"
553,2596.0,0.9919755445166221,V,"{'I': 21.0, 'V': 2596.0}",,-0.3829599413538335,0.35087473306779354,2594.0,0.9912113106610623,GUU,"{'GUA': 2.0, 'AUU': 21.0, 'GUU': 2594.0}"
554,2617.0,1.0,D,{'D': 2617.0},,0.11559842542316726,0.4539854054356952,2617.0,1.0,GAU,{'GAU': 2617.0}
555,2615.0,0.9992357661444402,E,"{'E': 2615.0, 'G': 2.0}",,0.0681166762063107,0.47284637774801414,2254.0,0.8612915552158961,GAG,"{'GAG': 2254.0, 'GGG': 2.0, 'GAA': 361.0}"
556,2617.0,1.0,A,{'A': 2617.0},,0.11559842542316726,0.4539854054356952,2611.0,0.9977072984333206,GCU,"{'GCU': 2611.0, 'GCG': 6.0}"
557,2603.0,0.9946503630110813,R,"{'H': 13.0, 'R': 2603.0, 'P': 1.0}",,-0.21677381909483556,0.41419230807897767,2595.0,0.9915934275888422,CGU,"{'CCU': 1.0, 'CGC': 8.0, 'CGU': 2595.0, 'CAU': 13.0}"
558,2617.0,1.0,R,{'R': 2617.0},,0.11559842542316726,0.4539854054356952,2553.0,0.9755445166220864,CGC,"{'CGA': 1.0, 'CGC': 2553.0, 'CGU': 63.0}"
559,2615.0,0.9992357661444402,A,"{'A': 2615.0, 'Q': 2.0}",,0.0681166762063107,0.47284637774801414,2608.0,0.9965609476499809,GCC,"{'CAG': 2.0, 'GCC': 2608.0, 'GCU': 7.0}"
560,2617.0,1.0,R,{'R': 2617.0},,0.11559842542316726,0.4539854054356952,2617.0,1.0,CGU,{'CGU': 2617.0}
561,2617.0,1.0,I,{'I': 2617.0},,0.11559842542316726,0.4539854054356952,2615.0,0.9992357661444402,AUU,"{'AUC': 2.0, 'AUU': 2615.0}"
562,2617.0,1.0,R,{'R': 2617.0},,0.11559842542316726,0.4539854054356952,2617.0,1.0,CGU,{'CGU': 2617.0}
563,2617.0,1.0,L,{'L': 2617.0},,0.11559842542316726,0.4539854054356952,2433.0,0.9296904852884983,CUG,"{'CUG': 2433.0, 'UUG': 182.0, 'CUC': 2.0}"
564,2617.0,1.0,N,{'N': 2617.0},,0.11559842542316726,0.4539854054356952,2612.0,0.9980894153611005,AAU,"{'AAU': 2612.0, 'AAC': 5.0}"
565,2616.0,0.9996178830722201,H,"{'H': 2616.0, 'P': 1.0}",,0.09185755081473898,0.4634056091777205,2616.0,0.9996178830722201,CAC,"{'CAC': 2616.0, 'CCC': 1.0}"
566,2617.0,1.0,S,{'S': 2617.0},,0.11559842542316726,0.4539854054356952,2617.0,1.0,UCC,{'UCC': 2617.0}
567,2617.0,1.0,A,{'A': 2617.0},,0.11559842542316726,0.4539854054356952,2615.0,0.9992357661444402,GCA,"{'GCA': 2615.0, 'GCG': 2.0}"
568,2617.0,1.0,T,{'T': 2617.0},,0.11559842542316726,0.4539854054356952,2617.0,1.0,ACG,{'ACG': 2617.0}
569,2617.0,1.0,H,{'H': 2617.0},,0.11559842542316726,0.4539854054356952,2617.0,1.0,CAC,{'CAC': 2617.0}
570,2617.0,1.0,L,{'L': 2617.0},,0.11559842542316726,0.4539854054356952,2614.0,0.9988536492166603,CUG,"{'CUG': 2614.0, 'UUG': 3.0}"
571,2617.0,1.0,M,{'M': 2617.0},,0.11559842542316726,0.4539854054356952,2617.0,1.0,AUG,{'AUG': 2617.0}
572,2616.0,0.9996178830722201,H,"{'Y': 1.0, 'H': 2616.0}",,0.09185755081473898,0.4634056091777205,2612.0,0.9980894153611005,CAC,"{'CAC': 2612.0, 'UAC': 1.0, 'CAU': 4.0}"
573,2617.0,1.0,A,{'A': 2617.0},,0.11559842542316726,0.4539854054356952,2481.0,0.9480320978219335,GCU,"{'GCC': 1.0, 'GCU': 2481.0, 'GCG': 135.0}"
574,2617.0,1.0,A,{'A': 2617.0},,0.11559842542316726,0.4539854054356952,2608.0,0.9965609476499809,GCG,"{'GCA': 9.0, 'GCG': 2608.0}"
575,2617.0,1.0,L,{'L': 2617.0},,0.11559842542316726,0.4539854054356952,2580.0,0.9858616736721437,CUG,"{'CUG': 2580.0, 'UUG': 37.0}"
576,2617.0,1.0,R,{'R': 2617.0},,0.11559842542316726,0.4539854054356952,2617.0,1.0,CGC,{'CGC': 2617.0}
577,2617.0,1.0,Q,{'Q': 2617.0},,0.11559842542316726,0.4539854054356952,2612.0,0.9980894153611005,CAG,"{'CAA': 5.0, 'CAG': 2612.0}"
578,2614.0,0.9988536492166603,V,"{'I': 3.0, 'V': 2614.0}",,0.044375801597882424,0.4823024250852293,2612.0,0.9980894153611005,GUU,"{'GUG': 2.0, 'AUU': 3.0, 'GUU': 2612.0}"
579,2617.0,1.0,L,{'L': 2617.0},,0.11559842542316726,0.4539854054356952,2603.0,0.9946503630110813,CUG,"{'CUG': 2603.0, 'UUG': 12.0, 'CUC': 2.0}"
580,2617.0,1.0,G,{'G': 2617.0},,0.11559842542316726,0.4539854054356952,1909.0,0.7294612151318304,GGU,"{'GGU': 1909.0, 'GGG': 706.0, 'GGC': 2.0}"
581,2617.0,1.0,T,{'T': 2617.0},,0.11559842542316726,0.4539854054356952,2615.0,0.9992357661444402,ACU,"{'ACC': 2.0, 'ACU': 2615.0}"
582,2617.0,1.0,H,{'H': 2617.0},,0.11559842542316726,0.4539854054356952,2617.0,1.0,CAU,{'CAU': 2617.0}
583,2617.0,1.0,V,{'V': 2617.0},,0.11559842542316726,0.4539854054356952,2612.0,0.9980894153611005,GUA,"{'GUC': 3.0, 'GUA': 2612.0, 'GUG': 2.0}"
584,2613.0,0.9984715322888804,S,"{'A': 2.0, 'S': 2613.0, 'T': 2.0}",,0.02063492698945414,0.4917684393417673,2610.0,0.9973251815055407,UCG,"{'UCG': 2610.0, 'ACG': 2.0, 'UCC': 3.0, 'GCG': 2.0}"
585,2617.0,1.0,Q,{'Q': 2617.0},,0.11559842542316726,0.4539854054356952,2617.0,1.0,CAG,{'CAG': 2617.0}
586,2617.0,1.0,K,{'K': 2617.0},,0.11559842542316726,0.4539854054356952,2617.0,1.0,AAA,{'AAA': 2617.0}
587,2617.0,1.0,G,{'G': 2617.0},,0.11559842542316726,0.4539854054356952,2617.0,1.0,GGU,{'GGU': 2617.0}
588,2617.0,1.0,S,{'S': 2617.0},,0.11559842542316726,0.4539854054356952,2609.0,0.9969430645777608,UCA,"{'UCG': 2.0, 'UCU': 6.0, 'UCA': 2609.0}"
589,2617.0,1.0,L,{'L': 2617.0},,0.11559842542316726,0.4539854054356952,2613.0,0.9984715322888804,CUG,"{'CUG': 2613.0, 'UUG': 4.0}"
590,2617.0,1.0,V,{'V': 2617.0},,0.11559842542316726,0.4539854054356952,2615.0,0.9992357661444402,GUU,"{'GUC': 2.0, 'GUU': 2615.0}"
591,2617.0,1.0,N,{'N': 2617.0},,0.11559842542316726,0.4539854054356952,2615.0,0.9992357661444402,AAC,"{'AAU': 2.0, 'AAC': 2615.0}"
592,2617.0,1.0,D,{'D': 2617.0},,0.11559842542316726,0.4539854054356952,2615.0,0.9992357661444402,GAC,"{'GAU': 2.0, 'GAC': 2615.0}"
593,2617.0,1.0,K,{'K': 2617.0},,0.11559842542316726,0.4539854054356952,1628.0,0.6220863584256783,AAA,"{'AAG': 989.0, 'AAA': 1628.0}"
594,2610.0,0.9973251815055407,V,"{'A': 2.0, 'M': 4.0, 'G': 1.0, 'V': 2610.0}",,-0.0505876968358307,0.479827033387943,2610.0,0.9973251815055407,GUG,"{'GGG': 1.0, 'GUG': 2610.0, 'GCG': 2.0, 'AUG': 4.0}"
595,2617.0,1.0,L,{'L': 2617.0},,0.11559842542316726,0.4539854054356952,2617.0,1.0,CUG,{'CUG': 2617.0}
596,2617.0,1.0,R,{'R': 2617.0},,0.11559842542316726,0.4539854054356952,2611.0,0.9977072984333206,CGC,"{'CGC': 2611.0, 'CGU': 6.0}"
597,2617.0,1.0,F,{'F': 2617.0},,0.11559842542316726,0.4539854054356952,2615.0,0.9992357661444402,UUC,"{'UUU': 2.0, 'UUC': 2615.0}"
598,2617.0,1.0,D,{'D': 2617.0},,0.11559842542316726,0.4539854054356952,2616.0,0.9996178830722201,GAC,"{'GAU': 1.0, 'GAC': 2616.0}"
599,2617.0,1.0,F,{'F': 2617.0},,0.11559842542316726,0.4539854054356952,2616.0,0.9996178830722201,UUC,"{'UUU': 1.0, 'UUC': 2616.0}"
600,2617.0,1.0,S,{'S': 2617.0},,0.11559842542316726,0.4539854054356952,2612.0,0.9980894153611005,UCA,"{'UCG': 5.0, 'UCA': 2612.0}"
601,2617.0,1.0,H,{'H': 2617.0},,0.11559842542316726,0.4539854054356952,2609.0,0.9969430645777608,CAC,"{'CAC': 2609.0, 'CAU': 8.0}"
602,2615.0,0.9992357661444402,N,"{'F': 2.0, 'N': 2615.0}",,0.0681166762063107,0.47284637774801414,2610.0,0.9973251815055407,AAC,"{'AAU': 5.0, 'UUU': 2.0, 'AAC': 2610.0}"
603,2614.0,0.9988536492166603,E,"{'E': 2614.0, 'D': 3.0}",,0.044375801597882424,0.4823024250852293,2614.0,0.9988536492166603,GAA,"{'GAC': 3.0, 'GAA': 2614.0}"
604,2617.0,1.0,A,{'A': 2617.0},,0.11559842542316726,0.4539854054356952,2617.0,1.0,GCG,{'GCG': 2617.0}
605,2617.0,1.0,M,{'M': 2617.0},,0.11559842542316726,0.4539854054356952,2617.0,1.0,AUG,{'AUG': 2617.0}
606,2617.0,1.0,K,{'K': 2617.0},,0.11559842542316726,0.4539854054356952,2615.0,0.9992357661444402,AAA,"{'AAG': 2.0, 'AAA': 2615.0}"
607,2595.0,0.9915934275888422,P,"{'P': 2595.0, 'S': 22.0}",,-0.40670081596226176,0.3421138705669228,1764.0,0.6740542606037447,CCA,"{'CCU': 3.0, 'CCG': 828.0, 'CCA': 1764.0, 'UCA': 22.0}"
608,2617.0,1.0,E,{'E': 2617.0},,0.11559842542316726,0.4539854054356952,2614.0,0.9988536492166603,GAA,"{'GAG': 3.0, 'GAA': 2614.0}"
609,2616.0,0.9996178830722201,E,"{'E': 2616.0, 'D': 1.0}",,0.09185755081473898,0.4634056091777205,2611.0,0.9977072984333206,GAG,"{'GAG': 2611.0, 'GAU': 1.0, 'GAA': 5.0}"
610,2617.0,1.0,I,{'I': 2617.0},,0.11559842542316726,0.4539854054356952,2617.0,1.0,AUU,{'AUU': 2617.0}
611,2617.0,1.0,R,{'R': 2617.0},,0.11559842542316726,0.4539854054356952,2613.0,0.9984715322888804,CGU,"{'CGA': 4.0, 'CGU': 2613.0}"
612,2606.0,0.9957967137944211,A,"{'A': 2606.0, 'V': 11.0}",,-0.14555119526954383,0.4421378490426489,2600.0,0.9935040122277417,GCG,"{'GCA': 3.0, 'GCC': 3.0, 'GUG': 11.0, 'GCG': 2600.0}"
613,2617.0,1.0,V,{'V': 2617.0},,0.11559842542316726,0.4539854054356952,2609.0,0.9969430645777608,GUC,"{'GUC': 2609.0, 'GUG': 2.0, 'GUU': 6.0}"
614,2617.0,1.0,E,{'E': 2617.0},,0.11559842542316726,0.4539854054356952,2614.0,0.9988536492166603,GAA,"{'GAG': 3.0, 'GAA': 2614.0}"
615,2617.0,1.0,D,{'D': 2617.0},,0.11559842542316726,0.4539854054356952,2614.0,0.9988536492166603,GAC,"{'GAU': 3.0, 'GAC': 2614.0}"
616,2615.0,0.9992357661444402,L,"{'Q': 2.0, 'L': 2615.0}",,0.0681166762063107,0.47284637774801414,2610.0,0.9973251815055407,CUG,"{'CUG': 2610.0, 'UUG': 5.0, 'CAG': 2.0}"
617,2597.0,0.992357661444402,V,"{'M': 20.0, 'V': 2597.0}",,-0.3592190667454052,0.35971560702789424,2595.0,0.9915934275888422,GUG,"{'GUC': 2.0, 'GUG': 2595.0, 'AUG': 20.0}"
618,2617.0,1.0,N,{'N': 2617.0},,0.11559842542316726,0.4539854054356952,2617.0,1.0,AAC,{'AAC': 2617.0}
619,2411.0,0.9212839128773405,A,"{'A': 2411.0, 'T': 206.0}",,-4.775021743913113,8.984391908578416e-07,2088.0,0.7978601452044326,GCA,"{'GCA': 2088.0, 'ACA': 206.0, 'GCG': 323.0}"
620,2617.0,1.0,Q,{'Q': 2617.0},,0.11559842542316726,0.4539854054356952,2614.0,0.9988536492166603,CAG,"{'CAA': 3.0, 'CAG': 2614.0}"
621,2617.0,1.0,I,{'I': 2617.0},,0.11559842542316726,0.4539854054356952,2615.0,0.9992357661444402,AUU,"{'AUC': 2.0, 'AUU': 2615.0}"
622,2617.0,1.0,R,{'R': 2617.0},,0.11559842542316726,0.4539854054356952,1600.0,0.6113870844478411,CGC,"{'CGC': 1600.0, 'CGU': 1017.0}"
623,2616.0,0.9996178830722201,R,"{'C': 1.0, 'R': 2616.0}",,0.09185755081473898,0.4634056091777205,1604.0,0.6129155521589607,CGU,"{'CGC': 1012.0, 'CGU': 1604.0, 'UGU': 1.0}"
624,2617.0,1.0,N,{'N': 2617.0},,0.11559842542316726,0.4539854054356952,1608.0,0.6144440198700802,AAC,"{'AAU': 1009.0, 'AAC': 1608.0}"
625,2617.0,1.0,L,{'L': 2617.0},,0.11559842542316726,0.4539854054356952,2611.0,0.9977072984333206,UUG,"{'CUG': 5.0, 'UUG': 2611.0, 'UUA': 1.0}"
626,2614.0,0.9988536492166603,P,"{'A': 2.0, 'P': 2614.0, 'S': 1.0}",,0.044375801597882424,0.4823024250852293,2602.0,0.9942682460833014,CCG,"{'CCU': 12.0, 'UCG': 1.0, 'CCG': 2602.0, 'GCU': 2.0}"
627,2617.0,1.0,I,{'I': 2617.0},,0.11559842542316726,0.4539854054356952,2590.0,0.9896828429499427,AUC,"{'AUA': 1.0, 'AUC': 2590.0, 'AUU': 26.0}"
628,2617.0,1.0,E,{'E': 2617.0},,0.11559842542316726,0.4539854054356952,2617.0,1.0,GAA,{'GAA': 2617.0}
629,2617.0,1.0,T,{'T': 2617.0},,0.11559842542316726,0.4539854054356952,2617.0,1.0,ACC,{'ACC': 2617.0}
630,2617.0,1.0,N,{'N': 2617.0},,0.11559842542316726,0.4539854054356952,2617.0,1.0,AAC,{'AAC': 2617.0}
631,2617.0,1.0,I,{'I': 2617.0},,0.11559842542316726,0.4539854054356952,2615.0,0.9992357661444402,AUC,"{'AUC': 2615.0, 'AUU': 2.0}"
632,2617.0,1.0,M,{'M': 2617.0},,0.11559842542316726,0.4539854054356952,2617.0,1.0,AUG,{'AUG': 2617.0}
633,2595.0,0.9915934275888422,D,"{'A': 1.0, 'E': 1.0, 'D': 2595.0, 'N': 20.0}",,-0.40670081596226176,0.3421138705669228,2595.0,0.9915934275888422,GAU,"{'AAU': 20.0, 'GAG': 1.0, 'GAU': 2595.0, 'GCU': 1.0}"
634,2615.0,0.9992357661444402,L,"{'I': 2.0, 'L': 2615.0}",,0.0681166762063107,0.47284637774801414,2612.0,0.9980894153611005,CUC,"{'CUU': 3.0, 'CUC': 2612.0, 'AUC': 2.0}"
635,2615.0,0.9992357661444402,E,"{'E': 2615.0, 'D': 2.0}",,0.0681166762063107,0.47284637774801414,2609.0,0.9969430645777608,GAA,"{'GAG': 6.0, 'GAU': 2.0, 'GAA': 2609.0}"
636,2616.0,0.9996178830722201,A,"{'A': 2616.0, 'V': 1.0}",,0.09185755081473898,0.4634056091777205,2611.0,0.9977072984333206,GCG,"{'GUG': 1.0, 'GCC': 2.0, 'GCU': 3.0, 'GCG': 2611.0}"
637,2617.0,1.0,A,{'A': 2617.0},,0.11559842542316726,0.4539854054356952,2330.0,0.8903324417271685,GCG,"{'GCA': 284.0, 'GCU': 3.0, 'GCG': 2330.0}"
638,2615.0,0.9992357661444402,K,"{'K': 2615.0, 'R': 2.0}",,0.0681166762063107,0.47284637774801414,2615.0,0.9992357661444402,AAA,"{'CGC': 2.0, 'AAA': 2615.0}"
639,2617.0,1.0,A,{'A': 2617.0},,0.11559842542316726,0.4539854054356952,2613.0,0.9984715322888804,GCG,"{'GCA': 2.0, 'GCU': 2.0, 'GCG': 2613.0}"
640,2615.0,0.9992357661444402,K,"{'K': 2615.0, 'S': 2.0}",,0.0681166762063107,0.47284637774801414,2615.0,0.9992357661444402,AAA,"{'UCC': 2.0, 'AAA': 2615.0}"
641,2617.0,1.0,G,{'G': 2617.0},,0.11559842542316726,0.4539854054356952,2602.0,0.9942682460833014,GGU,"{'GGU': 2602.0, 'GGG': 1.0, 'GGC': 14.0}"
642,2617.0,1.0,A,{'A': 2617.0},,0.11559842542316726,0.4539854054356952,2609.0,0.9969430645777608,GCG,"{'GCC': 2.0, 'GCU': 6.0, 'GCG': 2609.0}"
643,2617.0,1.0,M,{'M': 2617.0},,0.11559842542316726,0.4539854054356952,2617.0,1.0,AUG,{'AUG': 2617.0}
644,2617.0,1.0,A,{'A': 2617.0},,0.11559842542316726,0.4539854054356952,2330.0,0.8903324417271685,GCG,"{'GCA': 284.0, 'GCU': 3.0, 'GCG': 2330.0}"
645,2617.0,1.0,L,{'L': 2617.0},,0.11559842542316726,0.4539854054356952,2610.0,0.9973251815055407,CUG,"{'CUG': 2610.0, 'UUG': 4.0, 'CUA': 3.0}"
646,2617.0,1.0,F,{'F': 2617.0},,0.11559842542316726,0.4539854054356952,1674.0,0.6396637371035537,UUC,"{'UUU': 943.0, 'UUC': 1674.0}"
647,2617.0,1.0,G,{'G': 2617.0},,0.11559842542316726,0.4539854054356952,2614.0,0.9988536492166603,GGC,"{'GGU': 3.0, 'GGC': 2614.0}"
648,2617.0,1.0,E,{'E': 2617.0},,0.11559842542316726,0.4539854054356952,2617.0,1.0,GAG,{'GAG': 2617.0}
649,2617.0,1.0,K,{'K': 2617.0},,0.11559842542316726,0.4539854054356952,2615.0,0.9992357661444402,AAG,"{'AAG': 2615.0, 'AAA': 2.0}"
650,2617.0,1.0,Y,{'Y': 2617.0},,0.11559842542316726,0.4539854054356952,2615.0,0.9992357661444402,UAU,"{'UAC': 2.0, 'UAU': 2615.0}"
651,2617.0,1.0,D,{'D': 2617.0},,0.11559842542316726,0.4539854054356952,2615.0,0.9992357661444402,GAU,"{'GAU': 2615.0, 'GAC': 2.0}"
652,2615.0,0.9992357661444402,E,"{'E': 2615.0, 'D': 2.0}",,0.0681166762063107,0.47284637774801414,2601.0,0.9938861291555215,GAG,"{'GAG': 2601.0, 'GAU': 2.0, 'GAA': 14.0}"
653,2617.0,1.0,R,{'R': 2617.0},,0.11559842542316726,0.4539854054356952,1903.0,0.7271685135651509,CGC,"{'CGC': 1903.0, 'CGU': 714.0}"
654,2617.0,1.0,V,{'V': 2617.0},,0.11559842542316726,0.4539854054356952,2615.0,0.9992357661444402,GUA,"{'GUA': 2615.0, 'GUG': 2.0}"
655,2617.0,1.0,R,{'R': 2617.0},,0.11559842542316726,0.4539854054356952,2601.0,0.9938861291555215,CGC,"{'CGC': 2601.0, 'CGU': 16.0}"
656,2616.0,0.9996178830722201,V,"{'G': 1.0, 'V': 2616.0}",,0.09185755081473898,0.4634056091777205,2611.0,0.9977072984333206,GUG,"{'GUA': 3.0, 'GUG': 2611.0, 'GGG': 1.0, 'GUU': 2.0}"
657,2617.0,1.0,L,{'L': 2617.0},,0.11559842542316726,0.4539854054356952,2617.0,1.0,CUG,{'CUG': 2617.0}
658,2615.0,0.9992357661444402,S,"{'S': 2615.0, 'R': 2.0}",,0.0681166762063107,0.47284637774801414,2615.0,0.9992357661444402,AGC,"{'AGC': 2615.0, 'CGG': 2.0}"
659,2617.0,1.0,M,{'M': 2617.0},,0.11559842542316726,0.4539854054356952,2617.0,1.0,AUG,{'AUG': 2617.0}
660,2617.0,1.0,G,{'G': 2617.0},,0.11559842542316726,0.4539854054356952,2161.0,0.8257546809323653,GGC,"{'GGU': 456.0, 'GGC': 2161.0}"
661,2617.0,1.0,D,{'D': 2617.0},,0.11559842542316726,0.4539854054356952,2617.0,1.0,GAU,{'GAU': 2617.0}
662,2617.0,1.0,F,{'F': 2617.0},,0.11559842542316726,0.4539854054356952,2615.0,0.9992357661444402,UUC,"{'UUU': 2.0, 'UUC': 2615.0}"
663,2617.0,1.0,S,{'S': 2617.0},,0.11559842542316726,0.4539854054356952,2408.0,0.9201375620940008,UCC,"{'UCU': 209.0, 'UCC': 2408.0}"
664,2615.0,0.9992357661444402,T,"{'P': 2.0, 'T': 2615.0}",,0.0681166762063107,0.47284637774801414,2608.0,0.9965609476499809,ACC,"{'ACC': 2608.0, 'ACA': 3.0, 'ACG': 2.0, 'ACU': 2.0, 'CCC': 2.0}"
665,2617.0,1.0,E,{'E': 2617.0},,0.11559842542316726,0.4539854054356952,2615.0,0.9992357661444402,GAG,"{'GAG': 2615.0, 'GAA': 2.0}"
666,2617.0,1.0,L,{'L': 2617.0},,0.11559842542316726,0.4539854054356952,1968.0,0.7520061138708445,CUG,"{'CUG': 1968.0, 'UUG': 649.0}"
667,2617.0,1.0,C,{'C': 2617.0},,0.11559842542316726,0.4539854054356952,2615.0,0.9992357661444402,UGU,"{'UGC': 2.0, 'UGU': 2615.0}"
668,2617.0,1.0,G,{'G': 2617.0},,0.11559842542316726,0.4539854054356952,2617.0,1.0,GGC,{'GGC': 2617.0}
669,2617.0,1.0,G,{'G': 2617.0},,0.11559842542316726,0.4539854054356952,2613.0,0.9984715322888804,GGU,"{'GGU': 2613.0, 'GGG': 3.0, 'GGC': 1.0}"
670,2615.0,0.9992357661444402,T,"{'P': 2.0, 'T': 2615.0}",,0.0681166762063107,0.47284637774801414,2615.0,0.9992357661444402,ACU,"{'CCU': 2.0, 'ACU': 2615.0}"
671,2616.0,0.9996178830722201,H,"{'H': 2616.0, 'P': 1.0}",,0.09185755081473898,0.4634056091777205,2616.0,0.9996178830722201,CAC,"{'CAC': 2616.0, 'CCC': 1.0}"
672,2616.0,0.9996178830722201,A,"{'A': 2616.0, 'V': 1.0}",,0.09185755081473898,0.4634056091777205,2433.0,0.9296904852884983,GCC,"{'GCA': 181.0, 'GUC': 1.0, 'GCC': 2433.0, 'GCG': 2.0}"
673,2615.0,0.9992357661444402,S,"{'A': 2.0, 'S': 2615.0}",,0.0681166762063107,0.47284637774801414,2599.0,0.9931218952999618,AGC,"{'AGU': 16.0, 'AGC': 2599.0, 'GCG': 2.0}"
674,2617.0,1.0,R,{'R': 2617.0},,0.11559842542316726,0.4539854054356952,2615.0,0.9992357661444402,CGC,"{'CGC': 2615.0, 'CGU': 2.0}"
675,2617.0,1.0,T,{'T': 2617.0},,0.11559842542316726,0.4539854054356952,2367.0,0.9044707680550248,ACU,"{'ACC': 250.0, 'ACU': 2367.0}"
676,2617.0,1.0,G,{'G': 2617.0},,0.11559842542316726,0.4539854054356952,2614.0,0.9988536492166603,GGU,"{'GGU': 2614.0, 'GGG': 1.0, 'GGC': 2.0}"
677,2617.0,1.0,D,{'D': 2617.0},,0.11559842542316726,0.4539854054356952,2617.0,1.0,GAU,{'GAU': 2617.0}
678,2617.0,1.0,I,{'I': 2617.0},,0.11559842542316726,0.4539854054356952,2609.0,0.9969430645777608,AUU,"{'AUC': 8.0, 'AUU': 2609.0}"
679,2617.0,1.0,G,{'G': 2617.0},,0.11559842542316726,0.4539854054356952,2612.0,0.9980894153611005,GGU,"{'GGU': 2612.0, 'GGC': 5.0}"
680,2617.0,1.0,L,{'L': 2617.0},,0.11559842542316726,0.4539854054356952,2617.0,1.0,CUG,{'CUG': 2617.0}
681,2617.0,1.0,F,{'F': 2617.0},,0.11559842542316726,0.4539854054356952,2617.0,1.0,UUC,{'UUC': 2617.0}
682,2617.0,1.0,R,{'R': 2617.0},,0.11559842542316726,0.4539854054356952,2613.0,0.9984715322888804,CGC,"{'CGC': 2613.0, 'CGU': 4.0}"
683,2617.0,1.0,I,{'I': 2617.0},,0.11559842542316726,0.4539854054356952,2614.0,0.9988536492166603,AUC,"{'AUC': 2614.0, 'AUU': 3.0}"
684,2613.0,0.9984715322888804,I,"{'I': 2613.0, 'T': 4.0}",,0.02063492698945414,0.4917684393417673,2613.0,0.9984715322888804,AUC,"{'ACC': 2.0, 'AUC': 2613.0, 'ACG': 2.0}"
685,2617.0,1.0,S,{'S': 2617.0},,0.11559842542316726,0.4539854054356952,2615.0,0.9992357661444402,UCU,"{'UCU': 2615.0, 'UCA': 2.0}"
686,2617.0,1.0,E,{'E': 2617.0},,0.11559842542316726,0.4539854054356952,2615.0,0.9992357661444402,GAA,"{'GAG': 2.0, 'GAA': 2615.0}"
687,2617.0,1.0,S,{'S': 2617.0},,0.11559842542316726,0.4539854054356952,2615.0,0.9992357661444402,UCG,"{'UCG': 2615.0, 'UCC': 2.0}"
688,2617.0,1.0,G,{'G': 2617.0},,0.11559842542316726,0.4539854054356952,2615.0,0.9992357661444402,GGU,"{'GGU': 2615.0, 'GGC': 2.0}"
689,2617.0,1.0,T,{'T': 2617.0},,0.11559842542316726,0.4539854054356952,2615.0,0.9992357661444402,ACU,"{'ACC': 2.0, 'ACU': 2615.0}"
690,2617.0,1.0,A,{'A': 2617.0},,0.11559842542316726,0.4539854054356952,2615.0,0.9992357661444402,GCU,"{'GCA': 2.0, 'GCU': 2615.0}"
691,2617.0,1.0,A,{'A': 2617.0},,0.11559842542316726,0.4539854054356952,2611.0,0.9977072984333206,GCA,"{'GCA': 2611.0, 'GCU': 3.0, 'GCG': 3.0}"
692,2617.0,1.0,G,{'G': 2617.0},,0.11559842542316726,0.4539854054356952,2612.0,0.9980894153611005,GGC,"{'GGU': 5.0, 'GGC': 2612.0}"
693,2617.0,1.0,V,{'V': 2617.0},,0.11559842542316726,0.4539854054356952,2615.0,0.9992357661444402,GUU,"{'GUG': 2.0, 'GUU': 2615.0}"
694,2617.0,1.0,R,{'R': 2617.0},,0.11559842542316726,0.4539854054356952,2612.0,0.9980894153611005,CGU,"{'CGC': 5.0, 'CGU': 2612.0}"
695,2617.0,1.0,R,{'R': 2617.0},,0.11559842542316726,0.4539854054356952,2617.0,1.0,CGU,{'CGU': 2617.0}
696,2617.0,1.0,I,{'I': 2617.0},,0.11559842542316726,0.4539854054356952,2533.0,0.9679021780664884,AUC,"{'AUC': 2533.0, 'AUU': 84.0}"
697,2617.0,1.0,E,{'E': 2617.0},,0.11559842542316726,0.4539854054356952,2617.0,1.0,GAA,{'GAA': 2617.0}
698,2617.0,1.0,A,{'A': 2617.0},,0.11559842542316726,0.4539854054356952,2614.0,0.9988536492166603,GCG,"{'GCU': 3.0, 'GCG': 2614.0}"
699,2617.0,1.0,V,{'V': 2617.0},,0.11559842542316726,0.4539854054356952,2522.0,0.9636988918609094,GUA,"{'GUA': 2522.0, 'GUG': 95.0}"
700,2617.0,1.0,T,{'T': 2617.0},,0.11559842542316726,0.4539854054356952,2615.0,0.9992357661444402,ACC,"{'ACC': 2615.0, 'ACU': 2.0}"
701,2617.0,1.0,G,{'G': 2617.0},,0.11559842542316726,0.4539854054356952,2615.0,0.9992357661444402,GGA,"{'GGA': 2615.0, 'GGC': 2.0}"
702,2612.0,0.9980894153611005,E,"{'K': 5.0, 'E': 2612.0}",,-0.003105947618974138,0.4987609081663141,2611.0,0.9977072984333206,GAA,"{'GAG': 1.0, 'AAA': 5.0, 'GAA': 2611.0}"
703,2615.0,0.9992357661444402,G,"{'S': 2.0, 'G': 2615.0}",,0.0681166762063107,0.47284637774801414,2393.0,0.9144058081773022,GGC,"{'GGU': 221.0, 'GGG': 1.0, 'AGC': 2.0, 'GGC': 2393.0}"
704,2617.0,1.0,A,{'A': 2617.0},,0.11559842542316726,0.4539854054356952,2615.0,0.9992357661444402,GCU,"{'GCU': 2615.0, 'GCG': 2.0}"
705,2615.0,0.9992357661444402,I,"{'I': 2615.0, 'M': 2.0}",,0.0681166762063107,0.47284637774801414,2612.0,0.9980894153611005,AUC,"{'AUC': 2612.0, 'AUU': 3.0, 'AUG': 2.0}"
706,1906.0,0.7283148643484907,A,"{'A': 1906.0, 'P': 2.0, 'T': 709.0}",,-16.764163421169524,2.231254769190808e-63,1906.0,0.7283148643484907,GCC,"{'ACC': 709.0, 'GCC': 1906.0, 'CCC': 2.0}"
707,2614.0,0.9988536492166603,T,"{'I': 2.0, 'S': 1.0, 'T': 2614.0}",,0.044375801597882424,0.4823024250852293,2611.0,0.9977072984333206,ACC,"{'ACC': 2611.0, 'AUC': 2.0, 'UCC': 1.0, 'ACU': 3.0}"
708,2615.0,0.9992357661444402,V,"{'L': 2.0, 'V': 2615.0}",,0.0681166762063107,0.47284637774801414,2615.0,0.9992357661444402,GUU,"{'CUG': 2.0, 'GUU': 2615.0}"
709,2603.0,0.9946503630110813,H,"{'Y': 14.0, 'H': 2603.0}",,-0.21677381909483556,0.41419230807897767,2603.0,0.9946503630110813,CAU,"{'UAU': 14.0, 'CAU': 2603.0}"
710,2617.0,1.0,A,{'A': 2617.0},,0.11559842542316726,0.4539854054356952,2612.0,0.9980894153611005,GCA,"{'GCA': 2612.0, 'GCG': 5.0}"
711,2615.0,0.9992357661444402,D,"{'Q': 2.0, 'D': 2615.0}",,0.0681166762063107,0.47284637774801414,2602.0,0.9942682460833014,GAC,"{'CAG': 2.0, 'GAU': 13.0, 'GAC': 2602.0}"
712,2617.0,1.0,S,{'S': 2617.0},,0.11559842542316726,0.4539854054356952,2287.0,0.8739014138326328,AGC,"{'AGU': 330.0, 'AGC': 2287.0}"
713,2539.0,0.9701948796331678,D,"{'E': 78.0, 'D': 2539.0}",,-1.7361897940342592,0.041265140629086074,2539.0,0.9701948796331678,GAU,"{'GAG': 62.0, 'GAU': 2539.0, 'GAA': 16.0}"
714,2615.0,0.9992357661444402,R,"{'Q': 2.0, 'R': 2615.0}",,0.0681166762063107,0.47284637774801414,2615.0,0.9992357661444402,CGC,"{'CGC': 2615.0, 'CAG': 2.0}"
715,2617.0,1.0,L,{'L': 2617.0},,0.11559842542316726,0.4539854054356952,2615.0,0.9992357661444402,UUA,"{'CUC': 2.0, 'UUA': 2615.0}"
716,2534.0,0.9682842949942683,S,"{'S': 2534.0, 'N': 83.0}",,-1.8548941670764005,0.031805670549316364,2534.0,0.9682842949942683,AGC,"{'AAU': 2.0, 'AGC': 2534.0, 'AAC': 81.0}"
717,2615.0,0.9992357661444402,E,"{'E': 2615.0, 'D': 2.0}",,0.0681166762063107,0.47284637774801414,2615.0,0.9992357661444402,GAA,"{'GAU': 2.0, 'GAA': 2615.0}"
718,2615.0,0.9992357661444402,V,"{'I': 2.0, 'V': 2615.0}",,0.0681166762063107,0.47284637774801414,2584.0,0.9873901413832633,GUC,"{'GUC': 2584.0, 'AUC': 2.0, 'GUU': 31.0}"
719,2617.0,1.0,A,{'A': 2617.0},,0.11559842542316726,0.4539854054356952,2523.0,0.9640810087886893,GCG,"{'GCA': 92.0, 'GCU': 2.0, 'GCG': 2523.0}"
720,2615.0,0.9992357661444402,H,"{'Q': 2.0, 'H': 2615.0}",,0.0681166762063107,0.47284637774801414,2615.0,0.9992357661444402,CAU,"{'CAG': 2.0, 'CAU': 2615.0}"
721,2617.0,1.0,L,{'L': 2617.0},,0.11559842542316726,0.4539854054356952,2617.0,1.0,CUG,{'CUG': 2617.0}
722,2617.0,1.0,L,{'L': 2617.0},,0.11559842542316726,0.4539854054356952,2611.0,0.9977072984333206,CUG,"{'CUG': 2611.0, 'UUG': 4.0, 'CUU': 2.0}"
723,2617.0,1.0,K,{'K': 2617.0},,0.11559842542316726,0.4539854054356952,2615.0,0.9992357661444402,AAA,"{'AAG': 2.0, 'AAA': 2615.0}"
724,2617.0,1.0,G,{'G': 2617.0},,0.11559842542316726,0.4539854054356952,2615.0,0.9992357661444402,GGC,"{'GGU': 2.0, 'GGC': 2615.0}"
725,2617.0,1.0,D,{'D': 2617.0},,0.11559842542316726,0.4539854054356952,2615.0,0.9992357661444402,GAU,"{'GAU': 2615.0, 'GAC': 2.0}"
726,2617.0,1.0,S,{'S': 2617.0},,0.11559842542316726,0.4539854054356952,2617.0,1.0,AGC,{'AGC': 2617.0}
727,2615.0,0.9992357661444402,N,"{'H': 2.0, 'N': 2615.0}",,0.0681166762063107,0.47284637774801414,2612.0,0.9980894153611005,AAU,"{'AAU': 2612.0, 'CAC': 2.0, 'AAC': 3.0}"
728,2617.0,1.0,N,{'N': 2617.0},,0.11559842542316726,0.4539854054356952,2617.0,1.0,AAU,{'AAU': 2617.0}
729,2617.0,1.0,L,{'L': 2617.0},,0.11559842542316726,0.4539854054356952,2615.0,0.9992357661444402,CUG,"{'CUG': 2615.0, 'CUC': 2.0}"
730,2612.0,0.9980894153611005,A,"{'A': 2612.0, 'G': 2.0, 'V': 3.0}",,-0.003105947618974138,0.4987609081663141,1904.0,0.7275506304929308,GCU,"{'GGC': 2.0, 'GCU': 1904.0, 'GUU': 3.0, 'GCG': 708.0}"
731,2615.0,0.9992357661444402,D,"{'E': 2.0, 'D': 2615.0}",,0.0681166762063107,0.47284637774801414,2615.0,0.9992357661444402,GAU,"{'GAG': 2.0, 'GAU': 2615.0}"
732,2617.0,1.0,K,{'K': 2617.0},,0.11559842542316726,0.4539854054356952,2615.0,0.9992357661444402,AAA,"{'AAG': 2.0, 'AAA': 2615.0}"
733,2617.0,1.0,V,{'V': 2617.0},,0.11559842542316726,0.4539854054356952,2611.0,0.9977072984333206,GUG,"{'GUA': 1.0, 'GUG': 2611.0, 'GUU': 5.0}"
734,2617.0,1.0,R,{'R': 2617.0},,0.11559842542316726,0.4539854054356952,1317.0,0.5032479938861292,CGU,"{'CGC': 1300.0, 'CGU': 1317.0}"
735,2615.0,0.9992357661444402,S,"{'A': 2.0, 'S': 2615.0}",,0.0681166762063107,0.47284637774801414,2615.0,0.9992357661444402,UCA,"{'GCC': 2.0, 'UCA': 2615.0}"
736,2615.0,0.9992357661444402,V,"{'A': 2.0, 'V': 2615.0}",,0.0681166762063107,0.47284637774801414,2612.0,0.9980894153611005,GUA,"{'GUA': 2612.0, 'GUG': 3.0, 'GCG': 2.0}"
737,2616.0,0.9996178830722201,L,"{'M': 1.0, 'L': 2616.0}",,0.09185755081473898,0.4634056091777205,2616.0,0.9996178830722201,CUG,"{'CUG': 2616.0, 'AUG': 1.0}"
738,2617.0,1.0,E,{'E': 2617.0},,0.11559842542316726,0.4539854054356952,2614.0,0.9988536492166603,GAA,"{'GAG': 3.0, 'GAA': 2614.0}"
739,2617.0,1.0,R,{'R': 2617.0},,0.11559842542316726,0.4539854054356952,2617.0,1.0,CGU,{'CGU': 2617.0}
740,2617.0,1.0,T,{'T': 2617.0},,0.11559842542316726,0.4539854054356952,2615.0,0.9992357661444402,ACG,"{'ACC': 2.0, 'ACG': 2615.0}"
741,2617.0,1.0,R,{'R': 2617.0},,0.11559842542316726,0.4539854054356952,2617.0,1.0,CGU,{'CGU': 2617.0}
742,2617.0,1.0,Q,{'Q': 2617.0},,0.11559842542316726,0.4539854054356952,2617.0,1.0,CAG,{'CAG': 2617.0}
743,2617.0,1.0,L,{'L': 2617.0},,0.11559842542316726,0.4539854054356952,1777.0,0.6790217806648835,CUG,"{'CUG': 1777.0, 'UUG': 64.0, 'UUA': 776.0}"
744,2617.0,1.0,E,{'E': 2617.0},,0.11559842542316726,0.4539854054356952,2617.0,1.0,GAA,{'GAA': 2617.0}
745,2617.0,1.0,K,{'K': 2617.0},,0.11559842542316726,0.4539854054356952,2617.0,1.0,AAA,{'AAA': 2617.0}
746,2617.0,1.0,E,{'E': 2617.0},,0.11559842542316726,0.4539854054356952,1833.0,0.7004203286205579,GAG,"{'GAG': 1833.0, 'GAA': 784.0}"
747,2617.0,1.0,L,{'L': 2617.0},,0.11559842542316726,0.4539854054356952,1828.0,0.6985097439816584,UUA,"{'CUG': 2.0, 'UUA': 1828.0, 'CUA': 787.0}"
748,2617.0,1.0,Q,{'Q': 2617.0},,0.11559842542316726,0.4539854054356952,2615.0,0.9992357661444402,CAA,"{'CAA': 2615.0, 'CAG': 2.0}"
749,2617.0,1.0,Q,{'Q': 2617.0},,0.11559842542316726,0.4539854054356952,2617.0,1.0,CAG,{'CAG': 2617.0}
750,2617.0,1.0,L,{'L': 2617.0},,0.11559842542316726,0.4539854054356952,2615.0,0.9992357661444402,CUU,"{'CUG': 2.0, 'CUU': 2615.0}"
751,2617.0,1.0,K,{'K': 2617.0},,0.11559842542316726,0.4539854054356952,2617.0,1.0,AAA,{'AAA': 2617.0}
752,2617.0,1.0,E,{'E': 2617.0},,0.11559842542316726,0.4539854054356952,2615.0,0.9992357661444402,GAA,"{'GAG': 2.0, 'GAA': 2615.0}"
753,2617.0,1.0,Q,{'Q': 2617.0},,0.11559842542316726,0.4539854054356952,2602.0,0.9942682460833014,CAA,"{'CAA': 2602.0, 'CAG': 15.0}"
754,2617.0,1.0,A,{'A': 2617.0},,0.11559842542316726,0.4539854054356952,2605.0,0.9954145968666412,GCU,"{'GCA': 7.0, 'GCC': 5.0, 'GCU': 2605.0}"
755,2617.0,1.0,A,{'A': 2617.0},,0.11559842542316726,0.4539854054356952,2611.0,0.9977072984333206,GCC,"{'GCC': 2611.0, 'GCU': 4.0, 'GCG': 2.0}"
756,2617.0,1.0,A,{'A': 2617.0},,0.11559842542316726,0.4539854054356952,2609.0,0.9969430645777608,GCA,"{'GCA': 2609.0, 'GCG': 8.0}"
757,2617.0,1.0,Q,{'Q': 2617.0},,0.11559842542316726,0.4539854054356952,2617.0,1.0,CAG,{'CAG': 2617.0}
758,2617.0,1.0,E,{'E': 2617.0},,0.11559842542316726,0.4539854054356952,2617.0,1.0,GAG,{'GAG': 2617.0}
759,2616.0,0.9996178830722201,S,"{'S': 2616.0, 'R': 1.0}",,0.09185755081473898,0.4634056091777205,2597.0,0.992357661444402,AGC,"{'AGU': 19.0, 'AGC': 2597.0, 'AGA': 1.0}"
760,2617.0,1.0,A,{'A': 2617.0},,0.11559842542316726,0.4539854054356952,2614.0,0.9988536492166603,GCA,"{'GCA': 2614.0, 'GCG': 3.0}"
761,2617.0,1.0,N,{'N': 2617.0},,0.11559842542316726,0.4539854054356952,2615.0,0.9992357661444402,AAU,"{'AAU': 2615.0, 'AAC': 2.0}"
762,2615.0,0.9992357661444402,L,"{'I': 2.0, 'L': 2615.0}",,0.0681166762063107,0.47284637774801414,2613.0,0.9984715322888804,CUU,"{'CUC': 2.0, 'CUU': 2613.0, 'AUU': 2.0}"
763,2617.0,1.0,S,{'S': 2617.0},,0.11559842542316726,0.4539854054356952,2617.0,1.0,UCC,{'UCC': 2617.0}
764,2617.0,1.0,S,{'S': 2617.0},,0.11559842542316726,0.4539854054356952,2613.0,0.9984715322888804,AGU,"{'AGU': 2613.0, 'AGC': 4.0}"
765,2617.0,1.0,K,{'K': 2617.0},,0.11559842542316726,0.4539854054356952,2615.0,0.9992357661444402,AAG,"{'AAG': 2615.0, 'AAA': 2.0}"
766,2617.0,1.0,A,{'A': 2617.0},,0.11559842542316726,0.4539854054356952,2615.0,0.9992357661444402,GCA,"{'GCA': 2615.0, 'GCG': 2.0}"
767,2615.0,0.9992357661444402,I,"{'I': 2615.0, 'E': 2.0}",,0.0681166762063107,0.47284637774801414,2615.0,0.9992357661444402,AUU,"{'AUU': 2615.0, 'GAA': 2.0}"
768,2615.0,0.9992357661444402,D,"{'E': 2.0, 'D': 2615.0}",,0.0681166762063107,0.47284637774801414,2615.0,0.9992357661444402,GAU,"{'GAG': 2.0, 'GAU': 2615.0}"
769,2615.0,0.9992357661444402,V,"{'I': 2.0, 'V': 2615.0}",,0.0681166762063107,0.47284637774801414,2615.0,0.9992357661444402,GUU,"{'AUU': 2.0, 'GUU': 2615.0}"
770,2616.0,0.9996178830722201,N,"{'Y': 1.0, 'N': 2616.0}",,0.09185755081473898,0.4634056091777205,2614.0,0.9988536492166603,AAU,"{'AAU': 2614.0, 'UAU': 1.0, 'AAC': 2.0}"
771,2617.0,1.0,G,{'G': 2617.0},,0.11559842542316726,0.4539854054356952,2614.0,0.9988536492166603,GGU,"{'GGU': 2614.0, 'GGG': 1.0, 'GGC': 2.0}"
772,2617.0,1.0,V,{'V': 2617.0},,0.11559842542316726,0.4539854054356952,2617.0,1.0,GUU,{'GUU': 2617.0}
773,2617.0,1.0,K,{'K': 2617.0},,0.11559842542316726,0.4539854054356952,2617.0,1.0,AAG,{'AAG': 2617.0}
774,2617.0,1.0,L,{'L': 2617.0},,0.11559842542316726,0.4539854054356952,2617.0,1.0,CUG,{'CUG': 2617.0}
775,2617.0,1.0,L,{'L': 2617.0},,0.11559842542316726,0.4539854054356952,2616.0,0.9996178830722201,UUG,"{'CUG': 1.0, 'UUG': 2616.0}"
776,2617.0,1.0,V,{'V': 2617.0},,0.11559842542316726,0.4539854054356952,2615.0,0.9992357661444402,GUU,"{'GUC': 2.0, 'GUU': 2615.0}"
777,2617.0,1.0,S,{'S': 2617.0},,0.11559842542316726,0.4539854054356952,2617.0,1.0,AGC,{'AGC': 2617.0}
778,2611.0,0.9977072984333206,E,"{'K': 6.0, 'E': 2611.0}",,-0.02684682222740242,0.4892909539620003,2609.0,0.9969430645777608,GAG,"{'GAG': 2609.0, 'AAG': 6.0, 'GAA': 2.0}"
779,2617.0,1.0,L,{'L': 2617.0},,0.11559842542316726,0.4539854054356952,2615.0,0.9992357661444402,CUU,"{'CUG': 2.0, 'CUU': 2615.0}"
780,2608.0,0.9965609476499809,S,"{'I': 3.0, 'S': 2608.0, 'R': 1.0, 'T': 2.0, 'N': 3.0}",,-0.09806944605268726,0.46093857453193393,2608.0,0.9965609476499809,AGC,"{'ACC': 2.0, 'AUC': 3.0, 'AGC': 2608.0, 'CGC': 1.0, 'AAC': 3.0}"
781,2616.0,0.9996178830722201,G,"{'S': 1.0, 'G': 2616.0}",,0.09185755081473898,0.4634056091777205,2614.0,0.9988536492166603,GGU,"{'GGU': 2614.0, 'AGU': 1.0, 'GGC': 2.0}"
782,2617.0,1.0,V,{'V': 2617.0},,0.11559842542316726,0.4539854054356952,2617.0,1.0,GUU,{'GUU': 2617.0}
783,2617.0,1.0,E,{'E': 2617.0},,0.11559842542316726,0.4539854054356952,2617.0,1.0,GAG,{'GAG': 2617.0}
784,2617.0,1.0,P,{'P': 2617.0},,0.11559842542316726,0.4539854054356952,2617.0,1.0,CCG,{'CCG': 2617.0}
785,2617.0,1.0,K,{'K': 2617.0},,0.11559842542316726,0.4539854054356952,2607.0,0.996178830722201,AAA,"{'AAG': 10.0, 'AAA': 2607.0}"
786,2617.0,1.0,M,{'M': 2617.0},,0.11559842542316726,0.4539854054356952,2617.0,1.0,AUG,{'AUG': 2617.0}
787,2616.0,0.9996178830722201,L,"{'M': 1.0, 'L': 2616.0}",,0.09185755081473898,0.4634056091777205,2611.0,0.9977072984333206,UUG,"{'CUG': 2.0, 'UUG': 2611.0, 'UUA': 3.0, 'AUG': 1.0}"
788,2617.0,1.0,R,{'R': 2617.0},,0.11559842542316726,0.4539854054356952,2617.0,1.0,CGU,{'CGU': 2617.0}
789,2614.0,0.9988536492166603,T,"{'I': 3.0, 'T': 2614.0}",,0.044375801597882424,0.4823024250852293,2614.0,0.9988536492166603,ACC,"{'ACC': 2614.0, 'AUC': 3.0}"
790,2617.0,1.0,M,{'M': 2617.0},,0.11559842542316726,0.4539854054356952,2617.0,1.0,AUG,{'AUG': 2617.0}
791,2617.0,1.0,V,{'V': 2617.0},,0.11559842542316726,0.4539854054356952,2617.0,1.0,GUU,{'GUU': 2617.0}
792,2617.0,1.0,D,{'D': 2617.0},,0.11559842542316726,0.4539854054356952,2617.0,1.0,GAC,{'GAC': 2617.0}
793,2617.0,1.0,D,{'D': 2617.0},,0.11559842542316726,0.4539854054356952,2617.0,1.0,GAU,{'GAU': 2617.0}
794,2617.0,1.0,L,{'L': 2617.0},,0.11559842542316726,0.4539854054356952,2615.0,0.9992357661444402,UUA,"{'CUG': 2.0, 'UUA': 2615.0}"
795,2617.0,1.0,K,{'K': 2617.0},,0.11559842542316726,0.4539854054356952,2615.0,0.9992357661444402,AAA,"{'AAG': 2.0, 'AAA': 2615.0}"
796,2616.0,0.9996178830722201,N,"{'I': 1.0, 'N': 2616.0}",,0.09185755081473898,0.4634056091777205,2614.0,0.9988536492166603,AAU,"{'AAU': 2614.0, 'AUC': 1.0, 'AAC': 2.0}"
797,2616.0,0.9996178830722201,Q,"{'Q': 2616.0, 'S': 1.0}",,0.09185755081473898,0.4634056091777205,2615.0,0.9992357661444402,CAG,"{'AGC': 1.0, 'CAA': 1.0, 'CAG': 2615.0}"
798,2616.0,0.9996178830722201,L,"{'L': 2616.0, 'W': 1.0}",,0.09185755081473898,0.4634056091777205,2613.0,0.9984715322888804,CUG,"{'CUG': 2613.0, 'UGG': 1.0, 'UUG': 1.0, 'CUC': 2.0}"
799,2614.0,0.9988536492166603,G,"{'E': 3.0, 'G': 2614.0}",,0.044375801597882424,0.4823024250852293,2611.0,0.9977072984333206,GGG,"{'GAG': 3.0, 'GGU': 3.0, 'GGG': 2611.0}"
800,2615.0,0.9992357661444402,S,"{'A': 1.0, 'S': 2615.0, 'R': 1.0}",,0.0681166762063107,0.47284637774801414,2615.0,0.9992357661444402,UCG,"{'UCG': 2615.0, 'CGA': 1.0, 'GCG': 1.0}"
801,2616.0,0.9996178830722201,T,"{'Q': 1.0, 'T': 2616.0}",,0.09185755081473898,0.4634056091777205,2614.0,0.9988536492166603,ACA,"{'ACA': 2614.0, 'ACG': 2.0, 'CAA': 1.0}"
802,2616.0,0.9996178830722201,I,"{'I': 2616.0, 'L': 1.0}",,0.09185755081473898,0.4634056091777205,2614.0,0.9988536492166603,AUU,"{'UUA': 1.0, 'AUC': 2.0, 'AUU': 2614.0}"
803,2614.0,0.9988536492166603,I,"{'I': 2614.0, 'S': 1.0, 'V': 2.0}",,0.044375801597882424,0.4823024250852293,2614.0,0.9988536492166603,AUC,"{'UCG': 1.0, 'AUC': 2614.0, 'GUU': 2.0}"
804,2616.0,0.9996178830722201,V,"{'C': 1.0, 'V': 2616.0}",,0.09185755081473898,0.4634056091777205,2614.0,0.9988536492166603,GUG,"{'UGC': 1.0, 'GUA': 2.0, 'GUG': 2614.0}"
805,2616.0,0.9996178830722201,L,"{'-': 1.0, 'L': 2616.0}",,0.09185755081473898,0.4634056091777205,2614.0,0.9988536492166603,CUG,"{'CUG': 2614.0, '-': 1.0, 'UUA': 2.0}"
806,2616.0,0.9996178830722201,A,"{'A': 2616.0, '-': 1.0}",,0.09185755081473898,0.4634056091777205,2614.0,0.9988536492166603,GCA,"{'GCA': 2614.0, '-': 1.0, 'GCU': 2.0}"
807,2616.0,0.9996178830722201,T,"{'-': 1.0, 'T': 2616.0}",,0.09185755081473898,0.4634056091777205,2616.0,0.9996178830722201,ACG,"{'-': 1.0, 'ACG': 2616.0}"
808,2614.0,0.9988536492166603,V,"{'I': 2.0, '-': 1.0, 'V': 2614.0}",,0.044375801597882424,0.4823024250852293,2614.0,0.9988536492166603,GUA,"{'AUA': 2.0, 'GUA': 2614.0, '-': 1.0}"
809,2142.0,0.8184944593045472,A,"{'A': 2142.0, '-': 1.0, 'T': 10.0, 'V': 464.0}",,-11.16131701358039,3.1525265963206366e-29,2136.0,0.8162017577378677,GCC,"{'GUC': 464.0, 'ACC': 10.0, 'GCC': 2136.0, 'GCU': 4.0, 'GCG': 2.0, '-': 1.0}"
810,2614.0,0.9988536492166603,E,"{'-': 1.0, 'E': 2614.0, 'D': 2.0}",,0.044375801597882424,0.4823024250852293,2614.0,0.9988536492166603,GAA,"{'GAU': 2.0, '-': 1.0, 'GAA': 2614.0}"
811,2616.0,0.9996178830722201,G,"{'-': 1.0, 'G': 2616.0}",,0.09185755081473898,0.4634056091777205,2591.0,0.9900649598777226,GGU,"{'GGU': 2591.0, 'GGG': 25.0, '-': 1.0}"
812,2616.0,0.9996178830722201,K,"{'K': 2616.0, '-': 1.0}",,0.09185755081473898,0.4634056091777205,2615.0,0.9992357661444402,AAG,"{'-': 1.0, 'AAG': 2615.0, 'AAA': 1.0}"
813,2614.0,0.9988536492166603,V,"{'-': 1.0, 'G': 2.0, 'V': 2614.0}",,0.044375801597882424,0.4823024250852293,2614.0,0.9988536492166603,GUU,"{'GGU': 2.0, '-': 1.0, 'GUU': 2614.0}"
814,2616.0,0.9996178830722201,S,"{'S': 2616.0, '-': 1.0}",,0.09185755081473898,0.4634056091777205,2616.0,0.9996178830722201,UCU,"{'UCU': 2616.0, '-': 1.0}"
815,2616.0,0.9996178830722201,L,"{'-': 1.0, 'L': 2616.0}",,0.09185755081473898,0.4634056091777205,2616.0,0.9996178830722201,CUG,"{'CUG': 2616.0, '-': 1.0}"
816,2616.0,0.9996178830722201,I,"{'I': 2616.0, '-': 1.0}",,0.09185755081473898,0.4634056091777205,2616.0,0.9996178830722201,AUU,"{'-': 1.0, 'AUU': 2616.0}"
817,2616.0,0.9996178830722201,A,"{'A': 2616.0, '-': 1.0}",,0.09185755081473898,0.4634056091777205,2615.0,0.9992357661444402,GCA,"{'GCA': 2615.0, '-': 1.0, 'GCG': 1.0}"
818,2616.0,0.9996178830722201,G,"{'-': 1.0, 'G': 2616.0}",,0.09185755081473898,0.4634056091777205,2613.0,0.9984715322888804,GGC,"{'GGU': 3.0, '-': 1.0, 'GGC': 2613.0}"
819,2616.0,0.9996178830722201,V,"{'-': 1.0, 'V': 2616.0}",,0.09185755081473898,0.4634056091777205,2614.0,0.9988536492166603,GUA,"{'-': 1.0, 'GUA': 2614.0, 'GUG': 2.0}"
820,2616.0,0.9996178830722201,S,"{'S': 2616.0, '-': 1.0}",,0.09185755081473898,0.4634056091777205,2616.0,0.9996178830722201,UCU,"{'UCU': 2616.0, '-': 1.0}"
821,2616.0,0.9996178830722201,K,"{'K': 2616.0, '-': 1.0}",,0.09185755081473898,0.4634056091777205,2616.0,0.9996178830722201,AAG,"{'AAG': 2616.0, '-': 1.0}"
822,2615.0,0.9992357661444402,D,"{'-': 1.0, 'D': 2615.0, 'G': 1.0}",,0.0681166762063107,0.47284637774801414,2613.0,0.9984715322888804,GAC,"{'-': 1.0, 'GAU': 2.0, 'GAC': 2613.0, 'GGC': 1.0}"
823,2616.0,0.9996178830722201,V,"{'-': 1.0, 'V': 2616.0}",,0.09185755081473898,0.4634056091777205,2614.0,0.9988536492166603,GUC,"{'GUC': 2614.0, '-': 1.0, 'GUG': 2.0}"
824,2616.0,0.9996178830722201,T,"{'-': 1.0, 'T': 2616.0}",,0.09185755081473898,0.4634056091777205,2616.0,0.9996178830722201,ACA,"{'ACA': 2616.0, '-': 1.0}"
825,2616.0,0.9996178830722201,D,"{'-': 1.0, 'D': 2616.0}",,0.09185755081473898,0.4634056091777205,2614.0,0.9988536492166603,GAU,"{'-': 1.0, 'GAU': 2614.0, 'GAC': 2.0}"
826,2616.0,0.9996178830722201,R,"{'R': 2616.0, '-': 1.0}",,0.09185755081473898,0.4634056091777205,2614.0,0.9988536492166603,CGU,"{'-': 1.0, 'CGC': 2.0, 'CGU': 2614.0}"
827,2616.0,0.9996178830722201,V,"{'-': 1.0, 'V': 2616.0}",,0.09185755081473898,0.4634056091777205,2616.0,0.9996178830722201,GUG,"{'-': 1.0, 'GUG': 2616.0}"
828,2616.0,0.9996178830722201,K,"{'K': 2616.0, '-': 1.0}",,0.09185755081473898,0.4634056091777205,2616.0,0.9996178830722201,AAA,"{'-': 1.0, 'AAA': 2616.0}"
829,2616.0,0.9996178830722201,A,"{'A': 2616.0, '-': 1.0}",,0.09185755081473898,0.4634056091777205,2616.0,0.9996178830722201,GCA,"{'GCA': 2616.0, '-': 1.0}"
830,2616.0,0.9996178830722201,G,"{'-': 1.0, 'G': 2616.0}",,0.09185755081473898,0.4634056091777205,2616.0,0.9996178830722201,GGG,"{'GGG': 2616.0, '-': 1.0}"
831,2616.0,0.9996178830722201,E,"{'-': 1.0, 'E': 2616.0}",,0.09185755081473898,0.4634056091777205,2525.0,0.9648452426442491,GAA,"{'GAG': 91.0, '-': 1.0, 'GAA': 2525.0}"
832,2564.0,0.9797478028276653,L,"{'-': 1.0, 'L': 2564.0, 'V': 52.0}",,-1.1426679288235453,0.12658824514755357,2564.0,0.9797478028276653,CUG,"{'CUG': 2564.0, '-': 1.0, 'GUG': 52.0}"
833,2614.0,0.9988536492166603,I,"{'I': 2614.0, '-': 1.0, 'V': 2.0}",,0.044375801597882424,0.4823024250852293,2614.0,0.9988536492166603,AUU,"{'-': 1.0, 'AUU': 2614.0, 'GUU': 2.0}"
834,2616.0,0.9996178830722201,G,"{'-': 1.0, 'G': 2616.0}",,0.09185755081473898,0.4634056091777205,2616.0,0.9996178830722201,GGU,"{'GGU': 2616.0, '-': 1.0}"
835,2616.0,0.9996178830722201,M,"{'-': 1.0, 'M': 2616.0}",,0.09185755081473898,0.4634056091777205,2616.0,0.9996178830722201,AUG,"{'-': 1.0, 'AUG': 2616.0}"
836,2616.0,0.9996178830722201,V,"{'-': 1.0, 'V': 2616.0}",,0.09185755081473898,0.4634056091777205,2615.0,0.9992357661444402,GUC,"{'GUC': 2615.0, '-': 1.0, 'GUU': 1.0}"
837,2616.0,0.9996178830722201,A,"{'A': 2616.0, '-': 1.0}",,0.09185755081473898,0.4634056091777205,2616.0,0.9996178830722201,GCU,"{'-': 1.0, 'GCU': 2616.0}"
838,2616.0,0.9996178830722201,Q,"{'Q': 2616.0, '-': 1.0}",,0.09185755081473898,0.4634056091777205,2616.0,0.9996178830722201,CAG,"{'-': 1.0, 'CAG': 2616.0}"
839,2616.0,0.9996178830722201,Q,"{'Q': 2616.0, '-': 1.0}",,0.09185755081473898,0.4634056091777205,2616.0,0.9996178830722201,CAG,"{'-': 1.0, 'CAG': 2616.0}"
840,2614.0,0.9988536492166603,V,"{'-': 1.0, 'G': 2.0, 'V': 2614.0}",,0.044375801597882424,0.4823024250852293,2614.0,0.9988536492166603,GUG,"{'-': 1.0, 'GGG': 2.0, 'GUG': 2614.0}"
841,2616.0,0.9996178830722201,G,"{'-': 1.0, 'G': 2616.0}",,0.09185755081473898,0.4634056091777205,2597.0,0.992357661444402,GGC,"{'GGU': 19.0, '-': 1.0, 'GGC': 2597.0}"
842,2615.0,0.9992357661444402,G,"{'C': 1.0, '-': 1.0, 'G': 2615.0}",,0.0681166762063107,0.47284637774801414,2613.0,0.9984715322888804,GGC,"{'UGC': 1.0, 'GGU': 2.0, '-': 1.0, 'GGC': 2613.0}"
843,2616.0,0.9996178830722201,K,"{'K': 2616.0, '-': 1.0}",,0.09185755081473898,0.4634056091777205,2614.0,0.9988536492166603,AAG,"{'-': 1.0, 'AAG': 2614.0, 'AAA': 2.0}"
844,2616.0,0.9996178830722201,G,"{'-': 1.0, 'G': 2616.0}",,0.09185755081473898,0.4634056091777205,2606.0,0.9957967137944211,GGU,"{'GGU': 2606.0, 'GGG': 10.0, '-': 1.0}"
845,2616.0,0.9996178830722201,G,"{'-': 1.0, 'G': 2616.0}",,0.09185755081473898,0.4634056091777205,2610.0,0.9973251815055407,GGU,"{'GGU': 2610.0, 'GGG': 4.0, '-': 1.0, 'GGC': 2.0}"
846,2616.0,0.9996178830722201,G,"{'-': 1.0, 'G': 2616.0}",,0.09185755081473898,0.4634056091777205,2614.0,0.9988536492166603,GGA,"{'GGU': 2.0, '-': 1.0, 'GGA': 2614.0}"
847,2616.0,0.9996178830722201,R,"{'R': 2616.0, '-': 1.0}",,0.09185755081473898,0.4634056091777205,2615.0,0.9992357661444402,CGU,"{'-': 1.0, 'CGC': 1.0, 'CGU': 2615.0}"
848,2616.0,0.9996178830722201,P,"{'P': 2616.0, '-': 1.0}",,0.09185755081473898,0.4634056091777205,2614.0,0.9988536492166603,CCU,"{'CCU': 2614.0, 'CCG': 2.0, '-': 1.0}"
849,2615.0,0.9992357661444402,D,"{'Y': 1.0, '-': 1.0, 'D': 2615.0}",,0.0681166762063107,0.47284637774801414,2612.0,0.9980894153611005,GAC,"{'-': 1.0, 'GAU': 3.0, 'GAC': 2612.0, 'UAC': 1.0}"
850,2616.0,0.9996178830722201,M,"{'-': 1.0, 'M': 2616.0}",,0.09185755081473898,0.4634056091777205,2616.0,0.9996178830722201,AUG,"{'-': 1.0, 'AUG': 2616.0}"
851,2616.0,0.9996178830722201,A,"{'A': 2616.0, '-': 1.0}",,0.09185755081473898,0.4634056091777205,2616.0,0.9996178830722201,GCG,"{'-': 1.0, 'GCG': 2616.0}"
852,2616.0,0.9996178830722201,Q,"{'Q': 2616.0, '-': 1.0}",,0.09185755081473898,0.4634056091777205,2614.0,0.9988536492166603,CAA,"{'-': 1.0, 'CAA': 2614.0, 'CAG': 2.0}"
853,2616.0,0.9996178830722201,A,"{'A': 2616.0, '-': 1.0}",,0.09185755081473898,0.4634056091777205,2616.0,0.9996178830722201,GCC,"{'GCC': 2616.0, '-': 1.0}"
854,2616.0,0.9996178830722201,G,"{'-': 1.0, 'G': 2616.0}",,0.09185755081473898,0.4634056091777205,2616.0,0.9996178830722201,GGU,"{'GGU': 2616.0, '-': 1.0}"
855,2616.0,0.9996178830722201,G,"{'-': 1.0, 'G': 2616.0}",,0.09185755081473898,0.4634056091777205,2616.0,0.9996178830722201,GGU,"{'GGU': 2616.0, '-': 1.0}"
856,2616.0,0.9996178830722201,T,"{'-': 1.0, 'T': 2616.0}",,0.09185755081473898,0.4634056091777205,2613.0,0.9984715322888804,ACG,"{'ACC': 3.0, '-': 1.0, 'ACG': 2613.0}"
857,2615.0,0.9992357661444402,D,"{'-': 1.0, 'D': 2615.0, 'G': 1.0}",,0.0681166762063107,0.47284637774801414,2615.0,0.9992357661444402,GAU,"{'-': 1.0, 'GAU': 2615.0, 'GGA': 1.0}"
858,2614.0,0.9988536492166603,A,"{'A': 2614.0, 'C': 1.0, '-': 1.0, 'V': 1.0}",,0.044375801597882424,0.4823024250852293,2612.0,0.9980894153611005,GCU,"{'UGC': 1.0, '-': 1.0, 'GCU': 2612.0, 'GCG': 2.0, 'GUU': 1.0}"
859,2612.0,0.9980894153611005,A,"{'A': 2612.0, 'S': 2.0, '-': 1.0, 'C': 1.0, 'T': 1.0}",,-0.003105947618974138,0.4987609081663141,2612.0,0.9980894153611005,GCG,"{'UGC': 1.0, '-': 1.0, 'UCU': 2.0, 'ACG': 1.0, 'GCG': 2612.0}"
860,2593.0,0.9908291937332824,A,"{'A': 2593.0, '-': 1.0, 'G': 1.0, 'V': 22.0}",,-0.45418256517911837,0.3248487153452255,2591.0,0.9900649598777226,GCC,"{'GUC': 22.0, '-': 1.0, 'GCC': 2591.0, 'GCU': 2.0, 'GGC': 1.0}"
861,2616.0,0.9996178830722201,L,"{'-': 1.0, 'L': 2616.0}",,0.09185755081473898,0.4634056091777205,2613.0,0.9984715322888804,UUA,"{'CUC': 2.0, 'CUU': 1.0, '-': 1.0, 'UUA': 2613.0}"
862,2615.0,0.9992357661444402,P,"{'P': 2615.0, '-': 1.0, 'T': 1.0}",,0.0681166762063107,0.47284637774801414,2615.0,0.9992357661444402,CCU,"{'CCU': 2615.0, 'ACC': 1.0, '-': 1.0}"
863,2607.0,0.996178830722201,A,"{'A': 2607.0, 'C': 1.0, '-': 1.0, 'G': 7.0, 'V': 1.0}",,-0.12181032066111554,0.45152462005798527,2606.0,0.9957967137944211,GCA,"{'GCA': 2606.0, 'GUA': 1.0, 'GGA': 7.0, 'UGC': 1.0, '-': 1.0, 'GCC': 1.0}"
864,2615.0,0.9992357661444402,A,"{'A': 2615.0, 'S': 1.0, '-': 1.0}",,0.0681166762063107,0.47284637774801414,2615.0,0.9992357661444402,GCG,"{'-': 1.0, 'AGC': 1.0, 'GCG': 2615.0}"
865,2615.0,0.9992357661444402,L,"{'-': 1.0, 'L': 2615.0, 'V': 1.0}",,0.0681166762063107,0.47284637774801414,2615.0,0.9992357661444402,UUA,"{'-': 1.0, 'UUA': 2615.0, 'GUU': 1.0}"
866,2615.0,0.9992357661444402,A,"{'A': 2615.0, 'S': 1.0, '-': 1.0}",,0.0681166762063107,0.47284637774801414,2615.0,0.9992357661444402,GCC,"{'-': 1.0, 'GCC': 2615.0, 'AGC': 1.0}"
867,2615.0,0.9992357661444402,S,"{'Q': 1.0, 'S': 2615.0, '-': 1.0}",,0.0681166762063107,0.47284637774801414,2615.0,0.9992357661444402,AGU,"{'-': 1.0, 'AGU': 2615.0, 'CAG': 1.0}"
868,2615.0,0.9992357661444402,V,"{'C': 1.0, '-': 1.0, 'V': 2615.0}",,0.0681166762063107,0.47284637774801414,2615.0,0.9992357661444402,GUG,"{'-': 1.0, 'GUG': 2615.0, 'UGU': 1.0}"
869,2615.0,0.9992357661444402,K,"{'E': 1.0, 'K': 2615.0, '-': 1.0}",,0.0681166762063107,0.47284637774801414,2615.0,0.9992357661444402,AAA,"{'-': 1.0, 'AAA': 2615.0, 'GAA': 1.0}"
870,2614.0,0.9988536492166603,G,"{'R': 1.0, '-': 1.0, 'D': 1.0, 'G': 2614.0}",,0.044375801597882424,0.4823024250852293,2614.0,0.9988536492166603,GGC,"{'AGG': 1.0, '-': 1.0, 'GAC': 1.0, 'GGC': 2614.0}"
871,2616.0,0.9996178830722201,W,"{'L': 1.0, 'W': 2616.0}",,0.09185755081473898,0.4634056091777205,2616.0,0.9996178830722201,UGG,"{'CUG': 1.0, 'UGG': 2616.0}"
872,2615.0,0.9992357661444402,V,"{'Q': 1.0, 'G': 1.0, 'V': 2615.0}",,0.0681166762063107,0.47284637774801414,2615.0,0.9992357661444402,GUC,"{'GUC': 2615.0, 'GGU': 1.0, 'CAA': 1.0}"
873,2615.0,0.9992357661444402,S,"{'Q': 1.0, 'S': 2615.0, 'R': 1.0}",,0.0681166762063107,0.47284637774801414,2615.0,0.9992357661444402,AGC,"{'CAG': 1.0, 'AGC': 2615.0, 'CGG': 1.0}"
874,2615.0,0.9992357661444402,A,"{'A': 2615.0, 'R': 1.0, '*': 1.0}",,0.0681166762063107,0.47284637774801414,2613.0,0.9984715322888804,GCG,"{'GCA': 2.0, 'CGC': 1.0, 'UAG': 1.0, 'GCG': 2613.0}"
875,2615.0,0.9996177370030581,K,"{'K': 2615.0, 'E': 1.0}",,0.0918484755568616,0.4634092144409096,2615.0,0.9996177370030581,AAA,"{'AAA': 2615.0, 'GAA': 1.0}"
876,2615.0,0.9996177370030581,L,"{'I': 1.0, 'L': 2615.0}",,0.0918484755568616,0.4634092144409096,2613.0,0.9988532110091743,UUG,"{'CUG': 2.0, 'UUG': 2613.0, 'AUU': 1.0}"
877,2613.0,0.9988532110091743,Q,"{'Q': 2613.0, 'A': 1.0, '*': 2.0}",,0.04434857582425025,0.48231327591495554,2613.0,0.9988532110091743,CAA,"{'UAA': 2.0, 'GCA': 1.0, 'CAA': 2613.0}"
878,2613.0,0.9996174445294568,*,"{'I': 1.0, '*': 2613.0}",,0.09183030421036832,0.46341643325159976,2613.0,0.9996174445294568,UAA,"{'UAA': 2613.0, 'AUA': 1.0}"
